0 0
0.0004009382514730007 3.149026412953364e-06
0.0016035798843328038 2.519104583487707e-05
0.0036074055812023256 8.501322425470299e-05
0.00641154997074453 0.00020149107513085785
0.010014801864066745 0.0003934826368997918
0.014415604585589017 0.000679822655011496
0.019612056398325257 0.0010793167700004762
0.02560191102342444 0.001610735713096296
0.03238257825388628 0.0022928095108795087
0.03995112466226863 0.003144221700483649
0.0483042744022064 0.004183603556841859
0.05743841010356395 0.0054295283334760604
0.06734957386096639 0.006900505518319356
0.07803346831547761 0.008614975106061868
0.08948545782914397 0.010591301888504198
0.10170056975210895 0.012847769764398992
0.11467349578198399 0.015402576070256737
0.1283985934151174 0.01827382593358431
0.1428698874894146 0.0214795266500233
0.15808107181829306 0.025037582085843182
0.17402551091539725 0.028965787107247155
0.190696241809596 0.033281822037930245
0.2080859759498297 0.03800324714633193
0.22618710119931823 0.04314749716401338
0.24499168391863216 0.04873187583658403
0.2644914711370781 0.054773550508588405
0.2846778928118846 0.061289546743766535
0.3055420641745888 0.06829674298208088
0.327074788164041 0.07581186523489993
0.3492665579454053 0.08385148181971638
0.37210755951454605 0.09243199813577595
0.39558767438709175 0.10156965148196315
0.4196964823715525 0.11128050591830743
0.44442326442574176 0.12158044717243432
0.4697570055958154 0.1324851775922978
0.495686398037162 0.14401021114650234
0.5221998441163932 0.15617086847352193
0.5492854595936412 0.16898227198110308
0.5769310768843643 0.1824593409971335
0.6051242483998387 0.19661678697324148
0.6338522499654721 0.21146910874237335
0.663102084316102 0.2270305878315954
0.6928604846673743 0.24331528383133977
0.7231139183623027 0.2603370298223056
0.7538485905920936 0.2781094278612155
0.7850504481902889 0.29664584452660586
0.8167051834992607 0.3159594065258169
0.848798238308094 0.3360629963643376
0.8813148078608446 0.35696924807863767
0.9142398449341703 0.37869054303360905
0.9475580639832988 0.4012390057857209
0.9812539453552797 0.42462650001297403
1.0153117395684517 0.4488646245127232
1.049715471657053 0.4739647092684283
1.0844489455798647 0.4999378115863653
1.1194957486917725 0.5267947123033159
1.1548392562771115 0.554545912066239
1.190462636143658 0.5832016276849111
1.2263488532760818 0.6127717885584875
1.2624806745477086 0.6432660331769516
1.2988406734893743 0.6746937056983606
1.3354112351141676 0.7070638526028038
1.3721745607968612 0.740385219423975
1.4091126732067507 0.7746662475592027
1.4462074212926965 0.8099150711588166
1.4834404853190744 0.846139514095666
1.520793381951368 0.8833470870156005
1.558247469390119 0.9215449844697147
1.5957839525519193 0.9607400821291106
1.6333838882961451 1.0009389340829447
1.6710281906961 1.0421477702204773
1.7086976363532236 1.0843724936978292
1.7463728697530374 1.1276186784901496
1.7840344086614393 1.171891567029835
1.8216626495600037 1.2171960679314642
1.859237873118896 1.263536753804063
1.8967402497060053 1.3109178591512927
1.93414984493091 1.359343278360155
1.971446625222259 1.4088165637787518
2.008610463437157 1.459340923883651
2.0456211445011205 1.5109192215373526
2.082458371077185 1.56355397233636
2.1191017692627043 1.6172473430503052
2.1555308943124167 1.672001150152589
2.1917252363862962 1.72781685844294
2.227664226320758 1.7846955797623056
2.2633272414217145 1.8426380718004287
2.2986936112780474 1.9016447369964857
2.333742623593981 1.9617156215330909
2.3684535300388987 2.0228504144239867
2.4028055521130964 2.0850484466956907
2.436777887027993 2.148308690663362
2.470349713599289 2.2126297593011213
2.50350019815158 2.278009905707026
2.5362085004329162 2.3444470226629033
2.5684537795378093 2.4119386422891798
2.60021519983716 2.4804819357948693
2.6314719369136172 2.5500737133228224
2.6622031835008313 2.62071042389032
2.6923881554251134 2.6923881554251072
2.7220060975479545 2.765102634896865
2.751036289707915 2.838849228544187
2.7794580526603556 2.9136229421970237
2.807250754013485 2.9894184216945714
2.8343938141592298 3.066229953398566
2.860866712197392 3.1440514648018913
2.886648991851585 3.222876525232403
2.9117202673754474 3.3026983466518525
2.936060229447603 3.3835097845497457
2.9596486510538833 3.4653033389319896
2.982465393355284 3.548071155404098
3.0044904115401714 3.631805026348765
3.0257037606592365 3.716496392197551
3.0460856014416895 3.802136342796408
3.0656162060912227 3.8887156188647665
3.0842759640602457 3.9762246135478505
3.1020453878009158 4.064653374061921
3.1189051184914787 4.153991603432024
3.1348359317364727 4.244228662321929
3.149818743239305 4.335353570955794
3.163834614445765 4.427355011131161
3.176864758157012 4.520221328322814
3.188890544110599 4.613940533877013
3.1998935045281014 4.708500307295642
3.20985533962791 4.803887998609696
3.2187579231017844 4.900090630841607
3.2265833075537484 4.997094902555821
3.233313729899926 5.094887190497039
3.2389316167279247 5.193453552315515
3.2434195896143883 5.2927797293787755
3.246760470399343 5.392851149669106
3.2489372864159756 5.49365293076612
3.2499332756744916 5.595169882913737
3.249731891998712 5.6973865121708185
3.248316810114083 5.800287023644727
3.245671930685778 5.903855324807092
3.2417813853055875 6.008075028890921
3.236629541426305 6.112929458368325
3.230201007242324 6.218401648507991
3.222480636515187 6.324474351011585
3.2134535333428245 6.431130037728197
3.2031050568712485 6.5383509044459736
3.19142082594747 6.64611887476001
3.1783867237124332 6.754415604015581
3.1639889021327647 6.863222483325811
3.1482137864701576 6.9725206436627545
3.131048079687219 7.082290960020968
3.112478766788632 7.192514055652533
3.0924931190964995 7.303170306372566
3.0710786984587353 7.41423984493412
3.048223361389417 7.5257025654714775
3.0239152631399993 7.637538128010742
2.9981428617003183 7.7497259630466475
2.9708949217283425 7.862245276184488
2.9421605184076234 7.975075052846049
2.9119290412314323 8.088194063038395
2.8801901977125812 8.20158086618438
2.846934017017946 8.315213816013687
2.812150853526725 8.42907106551326
2.7758313903114935 8.543130571935867
2.737966642541115 8.657370101865649
2.6985479608046234 8.771767236339384
2.6575670343551554 8.886299376022235
2.6150158942731 9.000943746436723
2.5708869165475874 9.115677403243687
2.5251728250755057 9.2304772375739
2.4778666945772247 9.345319981409087
2.428961953428252 9.460182213010993
2.378452386406037 9.575040362397264
2.3263321373511903 9.68987071686268
2.2725957117423796 9.804649426544529
2.217237979184211 9.919352510030679
2.1602541758074003 10.033955860009007
2.1016399065805733 10.148435248956815
2.041391147533066 10.262766334868848
1.9795042478880907 10.37692466702248
1.9159759321056784 10.490885691778729
1.8508033018348287 10.6046247584176
1.783983837774303 10.718117125006403
1.7155154014415412 10.831337964299564
1.645396236849188 10.944262369668516
1.573624972088749 11.05686536106019
1.500200620820914 11.169121890982678
1.4251225836721046 11.281006850516587
1.348390649536836 11.392495075350586
1.270004996785497 11.503561351839739
1.1899661943771798 11.614180423085042
1.1082752028772158 11.724326995032758
1.0249333753790892 11.833975742592003
0.9399424583304358 11.94310131576909
0.853304592262849 12.051678345817153
0.7650223124252394 12.159681451399482
0.6750985493205239 12.267085244765127
0.5835366291454376 12.373864337935194
0.4903402741332883 12.479993348898333
0.3955136027994991 12.5854469078139
0.29906113008980467 12.690199663221257
0.20098776743099345 12.79422628825368
0.10129882268411247 12.89750148685536
7.296051702008055e-14 12.999999999999927
-0.10290260042237875 13.101696611909027
-0.20740248267633724 13.202566156269349
-0.31349275558404893 13.30258352244661
-0.4211661332318227 13.401723661694977
-0.5304149356024782 13.499961593360316
-0.641231089305251 13.597272411075881
-0.7536061284030414 13.693631288948716
-0.8675311953368808 13.789013487735435
-0.9829970419474539 13.88339436100573
-1.0999940305934983 13.976749361292091
-1.2185121353668809 14.069054046224327
-1.3385409434041151 14.160284084647177
-1.4600696562940765 14.250415262719702
-1.5830870915816324 14.339423489994793
-1.7075816843668914 14.427284805477354
-1.8335414889997512 14.5139753836597
-1.9609541808693889 14.599471540532527
-2.0898070582883386 14.68374973957017
-2.2200870444707452 14.766786597688466
-2.351780689604394 14.848558891173882
-2.484874173016062 14.929043561582345
-2.619353305429745 15.008217721606389
-2.75520353131725 15.086058660909073
-2.8924099313406693 15.162543851923294
-3.0309572248861842 15.237650955615015
-3.1708297726886636 15.311357827208964
-3.3120115795464566 15.383642521875425
-3.454486297125801 15.454483300376626
-3.5982372268542195 15.523858634671429
-3.7432473229022505 15.59174721347679
-3.8894991952528644 15.65812794778472
-4.036975112857866 15.722979976333296
-4.185657006880578 15.786282671030389
-4.3355264740240775 15.848015642328733
-4.486564779944227 15.90815874455103
-4.638752862746742 15.966692081163684
-4.792071336567479 16.023596009997952
-4.946500495235155 16.078851148417087
-5.102020316015646 16.13243837842828
-5.25861046343701 16.18433885173802
-5.416250293194381 16.234533994749757
-5.574918856133803 16.283005513502392
-5.734594902314127 16.329735398548557
-5.895256885146003 16.374705929771373
-6.05688296560705 16.417899681138447
-6.219451016532197 16.459299525391973
-6.382938626978221 16.498888638673712
-6.5473231066614765 16.53665050508371
-6.712581490467788 16.57256892117158
-6.878690543033442 16.606628000359255
-7.045626763396236 16.638812177294035
-7.213366389715502 16.6691062121309
-7.381885404059988 16.697495194742913
-7.551159537262504 16.723964548858753
-7.721164273840201 16.748500036126234
-7.89187485697929 16.771087760100862
-8.063266293583125 16.79171417015832
-8.235313359382374 16.810366065329973
-8.407990604106152 16.827030598060396
-8.581272356712855 16.84169527788593
-8.75513273067952 16.85434797503332
-8.929545629348423 16.864976923937657
-9.104484751329691 16.873570726678462
-9.279923595958635 16.88011835633332
-9.45583546880656 16.884609160247958
-9.632193487243695 16.887032863222114
-9.808970586053002 16.88737957061026
-9.986139523093486 16.885639771336386
-10.163672885011698 16.881804340822157
-10.341543093000087 16.8758645438276
-10.519722408600833 16.86781203720356
-10.698182939553787 16.857638872555334
-10.87689664568714 16.845337498816654
-11.055835344849442 16.83090076473341
-11.234970718881547 16.81432192125647
-11.414274319627088 16.79559462384296
-11.593717574980058 16.77471293466534
-11.773271794968021 16.751671324727795
-11.95290817786962 16.726464675889307
-12.132597816364784 16.699088282792847
-12.312311703716318 16.66953785470028
-12.492020739981296 16.637809517232345
-12.671695738250863 16.60389981401336
-12.851307430916929 16.56780570822012
-13.030826475964247 16.52952458403463
-13.210223463286429 16.48905424800019
-13.389468921024369 16.446392930280577
-13.568533321925544 16.40153928582179
-13.747387089722748 16.354492395416234
-13.926000605530671 16.305251766668857
-14.104344214258818 16.253817334865072
-14.282388231039281 16.20018946374015
-14.460102947667785 16.144368946149825
-14.637458639056494 16.086357004642018
-14.81442556969703 16.02615529192932
-14.990974000132198 15.963765891262195
-15.167074193434786 15.899191316702728
-15.342696421692033 15.832434513298795
-15.51781097249407 15.763498857158552
-15.6923881554249 15.692388155425212
-15.866398308554286 15.619106646152012
-16.039811804929066 15.543658998077436
-16.212599059062303 15.46605031030059
-16.38473053341867 15.386286111856823
-16.556176744894685 15.30437236119368
-16.72690827129205 15.220315445547184
-16.896895757782662 15.134122180218576
-17.06610992336373 15.045799807751694
-17.234521567301456 14.955355997011065
-17.402101575561687 14.862798842160908
-17.56882092722609 14.768136861545283
-17.734650700892256 14.671378996469576
-17.899562081056157 14.57253460988352
-18.063526364475592 14.471613484966161
-18.226514966512852 14.36862582361288
-18.388499427455315 14.26358224482494
-18.54945141881234 14.156493783001828
-18.70934274958695 14.047371886136771
-18.86814537252086 13.9362284139158
-19.025831390311264 13.823075635720807
-19.182373061797986 13.707926228537
-19.337742808119483 13.590793274765248
-19.49191321883614 13.471690259939736
-19.644857058019493 13.3506310703515
-19.79654727030596 13.227629990578368
-19.946956986913374 13.102701700921765
-20.096059531619243 12.975861274751118
-20.24382842669896 12.847124175756266
-20.390237398822787 12.716506255108667
-20.53526038491005 12.584023748531918
-20.67887153793917 12.449693273282318
-20.821045232712212 12.313531825040135
-20.961756071572463 12.175556774712284
-21.100978890073698 12.035785865147135
-21.238688762599832 11.894237207762222
-21.374861007933507 11.750929279085607
-21.509471194772377 11.605880917211701
-21.64249514719167 11.459111318172324
-21.773908950051798 11.310640032223882
-21.903688954349665 11.16048696005149
-22.031811782512385 11.008672348890892
-22.15825433363217 10.855216788569116
-22.282993788641097 10.700141207464759
-22.406007615424553 10.54346686838881
-22.527273573872066 10.385215364387005
-22.646769720864345 10.225408614464646
-22.764474415195323 10.064068859234894
-22.880366322428056 9.901218656491572
-22.994424419683213 9.736880876707428
-23.106628000359116 9.571078698458981
-23.21695667878213 9.403835603778981
-23.325390394786275 9.235175373437553
-23.43190941822102 9.065122082153135
-23.5364943533861 8.893700093734347
-23.639126143392335 8.720934056153874
-23.739786074447405 8.546848896555547
-23.838455780065505 8.371469816195782
-23.935117245199926 8.194822285320571
-24.029752810297495 8.016932037979148
-24.122345175274006 7.837825066775678
-24.212877403409525 7.657527617560044
-24.301332925162804 7.476066184059094
-24.387695541903767 7.293467502449531
-24.47194942956322 7.109758545873755
-24.554079142198884 6.924966518899934
-24.63406961547688 6.739118851927564
-24.71190617006791 6.552243195539911
-24.787574514957196 6.364367414804572
-24.86106075066744 6.175519583523542
-24.93235137239407 5.985727978434139
-25.00143327305193 5.795021073362114
-25.068293746232733 5.603427533328345
-25.132920489072568 5.410976208610503
-25.195301605028728 5.217696128761061
-25.25542560656526 5.023616496583077
-25.31328141774649 4.828766682065156
-25.368858376738014 4.633176216277007
-25.422146238214438 4.436874785227052
-25.4731351756734 4.239892223683525
-25.521815783655203 4.042258508960498
-25.568179079867626 3.8440037546703154
-25.612216507215305 3.6451582044439075
-25.653919935733285 3.4457522256204487
-25.693281664424248 3.2458163029078584
-25.730294422998874 3.0453810320156234
-25.764951373519132 2.844477113261466
-25.797246111943867 2.6431353451533344
-25.827172669576463 2.441386617948251
-25.85472551441422 2.239261907189522
-25.879899552399014 2.036792267223843
-25.9026901285691 1.8340088246998143
-25.9230930281116 1.630942772049413
-25.94110447731563 1.427625360953952
-25.956721144425604 1.2240878957960624
-25.969940140394705 1.0203617270992502
-25.98075901953826 0.8164782449565723
-25.989175780086796 0.6124688724499782
-25.99518886463883 0.40836505906187287
-25.998797160513057 0.20419827408045324
-26 3.726663042730352e-13
-25.998797160513064 -0.20419827407970792
-25.995188864638852 -0.40836505906112786
-25.989175780086825 -0.6124688724492334
-25.980759019538294 -0.816478244955828
-25.969940140394748 -1.0203617270985061
-25.956721144425657 -1.224087895795319
-25.94110447731569 -1.4276253609532095
-25.92309302811167 -1.630942772048671
-25.902690128569176 -1.8340088246990733
-25.879899552399102 -2.0367922672231034
-25.854725514414316 -2.239261907188784
-25.827172669576566 -2.4413866179475137
-25.79724611194398 -2.643135345152599
-25.76495137351926 -2.844477113260732
-25.730294422999012 -3.0453810320148915
-25.69328166442439 -3.245816302907128
-25.65391993573344 -3.445752225619721
-25.612216507215464 -3.6451582044431814
-25.568179079867793 -3.844003754669591
-25.52181578365538 -4.042258508959776
-25.473135175673583 -4.239892223682806
-25.42214623821463 -4.436874785226335
-25.36885837673821 -4.633176216276291
-25.313281417746698 -4.828766682064444
-25.255425606565478 -5.023616496582369
-25.195301605028952 -5.2176961287603545
-25.132920489072802 -5.410976208609799
-25.06829374623298 -5.603427533327645
-25.00143327305218 -5.795021073361417
-24.93235137239433 -5.985727978433446
-24.861060750667704 -6.175519583522851
-24.78757451495747 -6.364367414803884
-24.711906170068193 -6.552243195539229
-24.634069615477166 -6.739118851926885
-24.55407914219918 -6.924966518899257
-24.471949429563526 -7.109758545873085
-24.38769554190408 -7.293467502448861
-24.301332925163123 -7.476066184058428
-24.212877403409852 -7.657527617559384
-24.122345175274344 -7.837825066775022
-24.029752810297843 -8.0169320379785
-23.93511724520027 -8.194822285319923
-23.838455780065868 -8.371469816195145
-23.739786074447768 -8.546848896554907
-23.63912614339271 -8.720934056153242
-23.53649435338648 -8.893700093733722
-23.431909418221405 -9.065122082152511
-23.32539039478667 -9.235175373436935
-23.216956678782527 -9.403835603778369
-23.10662800035952 -9.571078698458376
-22.99442441968362 -9.736880876706826
-22.880366322428472 -9.901218656490975
-22.76447441519575 -10.064068859234302
-22.646769720864782 -10.22540861446406
-22.52727357387251 -10.385215364386427
-22.406007615424997 -10.543466868388238
-22.282993788641548 -10.700141207464192
-22.15825433363262 -10.855216788568553
-22.031811782512847 -11.008672348890332
-21.903688954350134 -11.160486960050939
-21.773908950052277 -11.310640032223338
-21.642495147192154 -11.459111318171788
-21.509471194772864 -11.605880917211168
-21.374861007934005 -11.750929279085081
-21.238688762600326 -11.8942372077617
-21.100978890074202 -12.035785865146623
-20.96175607157297 -12.17555677471178
-20.821045232712727 -12.313531825039638
-20.678871537939692 -12.449693273281824
-20.535260384910575 -12.584023748531433
-20.39023739882332 -12.716506255108188
-20.243828426699498 -12.847124175755793
-20.096059531619787 -12.975861274750653
-19.946956986913925 -13.102701700921308
-19.796547270306508 -13.227629990577913
-19.64485705802005 -13.350631070351056
-19.491913218836697 -13.4716902599393
-19.337742808120048 -13.59079327476482
-19.182373061798554 -13.707926228536577
-19.025831390311836 -13.823075635720388
-18.868145372521436 -13.936228413915389
-18.709342749587535 -14.047371886136371
-18.549451418812925 -14.156493783001435
-18.388499427455905 -14.263582244824553
-18.226514966513445 -14.3686258236125
-18.06352636447619 -14.471613484965788
-17.899562081056757 -14.572534609883157
-17.734650700892857 -14.671378996469217
-17.568820927226692 -14.768136861544933
-17.40210157556229 -14.862798842160563
-17.234521567302068 -14.955355997010733
-17.066109923364344 -15.045799807751369
-16.89689575778328 -15.13412218021826
-16.72690827129267 -15.220315445546873
-16.556176744895307 -15.30437236119338
-16.38473053341929 -15.386286111856524
-16.212599059062928 -15.466050310300298
-16.0398118049297 -15.543658998077158
-15.866398308554915 -15.619106646151739
-15.692388155425535 -15.692388155424947
-15.517810972494713 -15.763498857158298
-15.342696421692676 -15.832434513298546
-15.167074193435434 -15.899191316702492
-14.99097400013284 -15.96376589126196
-14.81442556969768 -16.026155291929093
-14.637458639057144 -16.086357004641805
-14.460102947668435 -16.144368946149616
-14.282388231039931 -16.200189463739946
-14.10434421425947 -16.25381733486488
-13.926000605531325 -16.305251766668672
-13.747387089723397 -16.354492395416063
-13.568533321926177 -16.401539285821627
-13.389468921024992 -16.446392930280428
-13.210223463287043 -16.48905424800005
-13.03082647596485 -16.529524584034494
-12.851307430917526 -16.56780570822
-12.67169573825145 -16.603899814013246
-12.49202073998187 -16.637809517232238
-12.312311703716883 -16.66953785470018
-12.13259781636534 -16.699088282792758
-11.952908177870167 -16.726464675889225
-11.77327179496856 -16.751671324727727
-11.593717574980582 -16.774712934665278
-11.414274319627602 -16.795594623842902
-11.23497071888205 -16.814321921256422
-11.055835344849932 -16.830900764733364
-10.876896645687621 -16.845337498816615
-10.69818293955426 -16.857638872555302
-10.519722408601297 -16.867812037203535
-10.341543093000537 -16.87586454382758
-10.163672885012138 -16.881804340822146
-9.986139523093913 -16.885639771336372
-9.808970586053423 -16.887379570610257
-9.632193487244104 -16.88703286322212
-9.455835468806956 -16.88460916024797
-9.279923595959021 -16.880118356333334
-9.10448475133006 -16.873570726678476
-8.929545629348784 -16.864976923937675
-8.75513273067987 -16.854347975033345
-8.581272356713193 -16.841695277885954
-8.40799060410648 -16.82703059806043
-8.235313359382692 -16.810366065330005
-8.06326629358343 -16.791714170158354
-7.891874856979584 -16.771087760100897
-7.721164273840484 -16.748500036126273
-7.551159537262782 -16.723964548858792
-7.381885404060254 -16.697495194742952
-7.213366389715758 -16.669106212130945
-7.0456267633964815 -16.63881217729408
-6.878690543033677 -16.6066280003593
-6.712581490468013 -16.572568921171626
-6.54732310666169 -16.536650505083752
-6.382938626978424 -16.498888638673762
-6.219451016532391 -16.45929952539202
-6.056882965607234 -16.417899681138493
-5.895256885146176 -16.37470592977142
-5.7345949023142895 -16.329735398548603
-5.574918856133956 -16.283005513502435
-5.416250293194524 -16.2345339947498
-5.258610463437144 -16.18433885173807
-5.1020203160157696 -16.132438378428322
-4.94650049523527 -16.07885114841713
-4.7920713365675836 -16.02359600999799
-4.638752862746836 -15.96669208116372
-4.486564779944312 -15.908158744551061
-4.335526474024154 -15.848015642328765
-4.185657006880645 -15.786282671030415
-4.036975112857926 -15.722979976333324
-3.889499195252915 -15.658127947784743
-3.7432473229022922 -15.591747213476811
-3.598237226854253 -15.523858634671445
-3.454486297125826 -15.45448330037664
-3.312011579546473 -15.383642521875434
-3.170829772688673 -15.311357827208973
-3.0309572248861847 -15.237650955615015
-2.8924099313406617 -15.16254385192329
-2.755203531317235 -15.086058660909062
-2.6193533054297227 -15.008217721606375
-2.484874173016032 -14.929043561582327
-2.3517806896043565 -14.848558891173859
-2.2200870444707017 -14.76678659768844
-2.089807058288288 -14.683749739570139
-1.9609541808693318 -14.59947154053249
-1.833541488999687 -14.513975383659655
-1.707581684366821 -14.427284805477308
-1.5830870915815556 -14.33942348999474
-1.4600696562939939 -14.250415262719644
-1.3385409434040267 -14.160284084647113
-1.2185121353667867 -14.069054046224254
-1.0999940305933988 -13.976749361292017
-0.9829970419473488 -13.883394361005642
-0.8675311953367708 -13.789013487735346
-0.7536061284029265 -13.693631288948618
-0.6412310893051313 -13.597272411075776
-0.5304149356023542 -13.499961593360208
-0.42116613323169416 -13.401723661694858
-0.3134927555839163 -13.302583522446486
-0.2074024826762006 -13.202566156269217
-0.10290260042223832 -13.10169661190889
2.1699200840758997e-13 -12.999999999999783
0.10129882268425992 -12.897501486855209
0.2009877674311441 -12.794226288253522
0.2990611300899583 -12.69019966322109
0.3955136027996557 -12.58544690781373
0.4903402741334475 -12.479993348898152
0.5835366291455992 -12.373864337935009
0.6750985493206879 -12.267085244764933
0.7650223124254055 -12.15968145139928
0.853304592263017 -12.051678345816946
0.9399424583306055 -11.943101315768876
1.0249333753792602 -11.83397574259178
1.1082752028773883 -11.724326995032529
1.1899661943773534 -11.614180423084806
1.2700049967856715 -11.503561351839496
1.3483906495370113 -11.392495075350336
1.4251225836722803 -11.281006850516327
1.50020062082109 -11.169121890982412
1.5736249720889253 -11.056865361059916
1.645396236849364 -10.944262369668236
1.7155154014417173 -10.831337964299276
1.7839838377744788 -10.718117125006108
1.8508033018350036 -10.604624758417298
1.9159759321058525 -10.49088569177842
1.9795042478882638 -10.376924667022164
2.041391147533239 -10.262766334868525
2.1016399065807443 -10.148435248956485
2.16025417580757 -10.033955860008671
2.2172379791843793 -9.919352510030338
2.272595711742546 -9.804649426544183
2.3263321373513546 -9.689870716862323
2.3784523864061997 -9.575040362396901
2.428961953428412 -9.460182213010624
2.4778666945773824 -9.345319981408709
2.525172825075661 -9.23047723757352
2.57088691654774 -9.115677403243298
2.6150158942732498 -9.000943746436327
2.6575670343553024 -8.886299376021835
2.698547960804766 -8.771767236338977
2.737966642541255 -8.657370101865236
2.775831390311629 -8.543130571935444
2.812150853526858 -8.429071065512835
2.8469340170180746 -8.315213816013257
2.8801901977127065 -8.201580866183942
2.9119290412315535 -8.088194063037953
2.94216051840774 -7.975075052845601
2.9708949217284544 -7.8622452761840345
2.998142861700426 -7.74972596304619
3.023915263140103 -7.637538128010281
3.0482233613895167 -7.525702565471013
3.0710786984588294 -7.414239844933649
3.0924931190965883 -7.30317030637209
3.1124787667887164 -7.192514055652054
3.131048079687298 -7.082290960020483
3.1482137864702313 -6.972520643662265
3.163988902132833 -6.863222483325319
3.178386723712496 -6.754415604015083
3.1914208259475276 -6.646118874759508
3.2031050568713 -6.538350904445471
3.21345353334287 -6.43113003772769
3.222480636515227 -6.324474351011073
3.230201007242358 -6.218401648507476
3.2366295414263333 -6.112929458367807
3.2417813853056097 -6.008075028890399
3.245671930685794 -5.90385532480657
3.2483168101140927 -5.800287023644202
3.249731891998716 -5.697386512170291
3.2499332756744894 -5.59516988291321
3.248937286415967 -5.493652930765589
3.246760470399328 -5.392851149668572
3.243419589614367 -5.292779729378242
3.2389316167278976 -5.193453552314979
3.233313729899893 -5.094887190496502
3.226583307553709 -4.9970949025552835
3.218757923101738 -4.900090630841069
3.209855339627856 -4.803887998609155
3.199893504528042 -4.708500307295101
3.1888905441105333 -4.613940533876471
3.176864758156939 -4.520221328322272
3.163834614445686 -4.4273550111306195
3.1498187432392193 -4.3353535709552515
3.1348359317363803 -4.244228662321387
3.1189051184913796 -4.153991603431482
3.1020453878008096 -4.064653374061379
3.0842759640601343 -3.9762246135473105
3.065616206091104 -3.8887156188642256
3.0460856014415643 -3.8021363427958694
3.0257037606591046 -3.716496392197013
3.0044904115400337 -3.6318050263482284
2.982465393355139 -3.5480711554035618
2.9596486510537328 -3.4653033389314563
2.936060229447446 -3.383509784549213
2.911720267375284 -3.3026983466513227
2.8866489918514158 -3.222876525231875
2.860866712197216 -3.144051464801365
2.834393814159048 -3.0662299533980426
2.8072507540132974 -2.9894184216940496
2.779458052660162 -2.9136229421965054
2.751036289707716 -2.8388492285436717
2.722006097547749 -2.7651026348963526
2.6923881554249016 -2.6923881554245965
2.6622031835006155 -2.6207104238898147
2.6314719369133934 -2.5500737133223175
2.6002151998369323 -2.48048193579437
2.5684537795375757 -2.4119386422886833
2.5362085004326778 -2.3444470226624112
2.503500198151335 -2.2780099057065377
2.47034971359904 -2.2126297593006368
2.43677788702774 -2.1483086906628834
2.402805552112837 -2.0850484466952146
2.3684535300386345 -2.022850414423516
2.333742623593713 -1.9617156215326248
2.298693611277774 -1.9016447369960234
2.2633272414214374 -1.842638071799972
2.2276642263204756 -1.7846955797618531
2.191725236386011 -1.7278168584424944
2.1555308943121267 -1.6720011501521477
2.1191017692624112 -1.6172473430498702
2.0824583710768882 -1.5635539723359306
2.0456211445008203 -1.5109192215369287
2.008610463436853 -1.4593409238832322
1.9714466252219522 -1.4088165637783392
1.9341498449305994 -1.359343278359748
1.8967402497056916 -1.3109178591508917
1.8592378731185806 -1.2635367538036688
1.821662649559686 -1.2171960679310765
1.7840344086611186 -1.1718915670294534
1.7463728697527143 -1.1276186784897742
1.7086976363528976 -1.0843724936974595
1.671028190695772 -1.0421477702201138
1.6333838882958163 -1.0009389340825887
1.5957839525515878 -0.9607400821287604
1.5582474693897868 -0.9215449844693718
1.5207933819510342 -0.8833470870152642
1.4834404853187393 -0.846139514095336
1.446207421292361 -0.8099150711584938
1.409112673206414 -0.7746662475588864
1.3721745607965241 -0.740385219423666
1.3354112351138308 -0.7070638526025019
1.2988406734890354 -0.6746937056980645
1.2624806745473713 -0.6432660331766635
1.2263488532757445 -0.6127717885582065
1.1904626361433215 -0.5832016276846371
1.1548392562767766 -0.5545459120659728
1.1194957486914383 -0.5267947123030565
1.0844489455795314 -0.499937811586113
1.0497154716567203 -0.47396470926818285
1.0153117395681213 -0.44886462451248516
0.9812539453549517 -0.4246265000127433
0.9475580639829732 -0.40123900578549754
0.9142398449338461 -0.3786905430333924
0.881314807860523 -0.3569692480784281
0.8487982383077751 -0.3360629963641351
0.8167051834989447 -0.3159594065256214
0.7850504481899758 -0.2966458445264173
0.7538485905917824 -0.2781094278610332
0.7231139183619947 -0.26033702982213
0.6928604846670696 -0.24331528383117076
0.663102084315802 -0.22703058783143343
0.6338522499651755 -0.21146910874221778
0.6051242483995457 -0.1966167869730922
0.5769310768840764 -0.1824593409969909
0.5492854595933556 -0.1689822719809662
0.5221998441161129 -0.15617086847339146
0.4956863980368883 -0.14401021114637858
0.4697570055955458 -0.1324851775921798
0.44442326442547625 -0.12158044717232196
0.41969648237129253 -0.11128050591820096
0.39558767438683745 -0.10156965148186246
0.3721075595142962 -0.09243199813568055
0.34926655794516254 -0.08385148181962683
0.32707478816380287 -0.07581186523481538
0.30554206417435803 -0.06829674298200188
0.2846778928116599 -0.06128954674369257
0.26449147113686095 -0.05477355050851963
0.24499168391842122 -0.04873187583652
0.2261871011991136 -0.043147497163953934
0.2080859759496314 -0.038003247146276925
0.19069624180940414 -0.0332818220378795
0.17402551091521473 -0.028965787107200998
0.1580810718181157 -0.025037582085800727
0.14286988748924526 -0.02147952664998484
0.12839859341495896 -0.018273825933550057
0.11467349578183089 -0.015402576070225694
0.10170056975196407 -0.01284776976437137
0.08948545782900733 -0.010591301888479811
0.07803346831534928 -0.008614975106040515
0.06734957386084642 -0.006900505518300847
0.057438410103452374 -0.005429528333460196
0.048304274402103255 -0.004183603556828441
0.039951124662175395 -0.0031442217004725905
0.03238257825380155 -0.0022928095108704838
0.02560191102334825 -0.001610735713089103
0.019612056398259064 -0.0010793167699949893
0.014415604585531414 -0.0006798226550074189
0.01001480186401919 -0.0003934826368969748
0.006411549970705599 -0.0002014910751290249
0.003607405581173476 -8.50132242536789e-05
0.0016035798843126027 -2.519104583440612e-05
0.0004009382514628983 -3.149026412835458e-06
