-8 0
-8 -0
-7.96 0.7989993742175254
-7.96 -0.7989993742175254
-7.92 1.1285388783732715
-7.92 -1.1285388783732715
-7.88 1.3804347141389917
-7.88 -1.3804347141389917
-7.84 1.5919798993705936
-7.84 -1.5919798993705936
-7.8 1.7776388834631187
-7.8 -1.7776388834631187
-7.76 1.9448393249829155
-7.76 -1.9448393249829155
-7.72 2.0979990467109375
-7.72 -2.0979990467109375
-7.68 2.24
-7.68 -2.24
-7.64 2.372846391994223
-7.64 -2.372846391994223
-7.6 2.4979991993593598
-7.6 -2.4979991993593598
-7.56 2.616562630628207
-7.56 -2.616562630628207
-7.52 2.7293955374771177
-7.52 -2.7293955374771177
-7.4799999999999995 2.837181700208854
-7.4799999999999995 -2.837181700208854
-7.4399999999999995 2.9404761519182583
-7.4399999999999995 -2.9404761519182583
-7.3999999999999995 3.0397368307141344
-7.3999999999999995 -3.0397368307141344
-7.359999999999999 3.13534687076247
-7.359999999999999 -3.13534687076247
-7.319999999999999 3.227630709979072
-7.319999999999999 -3.227630709979072
-7.279999999999999 3.3168659906604625
-7.279999999999999 -3.3168659906604625
-7.239999999999999 3.403292523424927
-7.239999999999999 -3.403292523424927
-7.199999999999999 3.4871191548325404
-7.199999999999999 -3.4871191548325404
-7.159999999999999 3.568529108750552
-7.159999999999999 -3.568529108750552
-7.119999999999999 3.647684196856961
-7.119999999999999 -3.647684196856961
-7.079999999999999 3.72472817800172
-7.079999999999999 -3.72472817800172
-7.039999999999999 3.7997894678521345
-7.039999999999999 -3.7997894678521345
-6.999999999999999 3.872983346207419
-6.999999999999999 -3.872983346207419
-6.959999999999999 3.9444137713987377
-6.959999999999999 -3.9444137713987377
-6.919999999999999 4.0141748840826565
-6.919999999999999 -4.0141748840826565
-6.879999999999999 4.082352263095385
-6.879999999999999 -4.082352263095385
-6.839999999999999 4.149023981613026
-6.839999999999999 -4.149023981613026
-6.799999999999999 4.214261501141097
-6.799999999999999 -4.214261501141097
-6.759999999999999 4.278130432794215
-6.759999999999999 -4.278130432794215
-6.719999999999999 4.340691189200173
-6.719999999999999 -4.340691189200173
-6.679999999999999 4.401999545661042
-6.679999999999999 -4.401999545661042
-6.639999999999999 4.462107125562991
-6.639999999999999 -4.462107125562991
-6.599999999999999 4.521061822182928
-6.599999999999999 -4.521061822182928
-6.559999999999999 4.578908166801341
-6.559999999999999 -4.578908166801341
-6.519999999999999 4.635687651255207
-6.519999999999999 -4.635687651255207
-6.479999999999999 4.691439011646642
-6.479999999999999 -4.691439011646642
-6.439999999999999 4.746198478782785
-6.439999999999999 -4.746198478782785
-6.399999999999999 4.8000000000000025
-6.399999999999999 -4.8000000000000025
-6.3599999999999985 4.8528754362748705
-6.3599999999999985 -4.8528754362748705
-6.3199999999999985 4.904854737910188
-6.3199999999999985 -4.904854737910188
-6.2799999999999985 4.955966101578987
-6.2799999999999985 -4.955966101578987
-6.239999999999998 5.006236111091847
-6.239999999999998 -5.006236111091847
-6.199999999999998 5.055689863905817
-6.199999999999998 -5.055689863905817
-6.159999999999998 5.104351085103769
-6.159999999999998 -5.104351085103769
-6.119999999999998 5.152242230330405
-6.119999999999998 -5.152242230330405
-6.079999999999998 5.199384578967017
-6.079999999999998 -5.199384578967017
-6.039999999999998 5.245798318654656
-6.039999999999998 -5.245798318654656
-5.999999999999998 5.291502622129183
-5.999999999999998 -5.291502622129183
-5.959999999999998 5.336515717207251
-5.959999999999998 -5.336515717207251
-5.919999999999998 5.380854950656078
-5.919999999999998 -5.380854950656078
-5.879999999999998 5.424536846588842
-5.879999999999998 -5.424536846588842
-5.839999999999998 5.4675771599493705
-5.839999999999998 -5.4675771599493705
-5.799999999999998 5.5099909255823665
-5.799999999999998 -5.5099909255823665
-5.759999999999998 5.551792503327193
-5.759999999999998 -5.551792503327193
-5.719999999999998 5.592995619522692
-5.719999999999998 -5.592995619522692
-5.679999999999998 5.633613405266643
-5.679999999999998 -5.633613405266643
-5.639999999999998 5.673658431735208
-5.639999999999998 -5.673658431735208
-5.599999999999998 5.7131427428342825
-5.599999999999998 -5.7131427428342825
-5.559999999999998 5.7520778854254075
-5.559999999999998 -5.7520778854254075
-5.519999999999998 5.790474937343225
-5.519999999999998 -5.790474937343225
-5.479999999999998 5.82834453339883
-5.479999999999998 -5.82834453339883
-5.439999999999998 5.865696889543478
-5.439999999999998 -5.865696889543478
-5.399999999999998 5.902541825349484
-5.399999999999998 -5.902541825349484
-5.359999999999998 5.93888878494959
-5.359999999999998 -5.93888878494959
-5.319999999999998 5.974746856562211
-5.319999999999998 -5.974746856562211
-5.279999999999998 6.010124790717746
-5.279999999999998 -6.010124790717746
-5.2399999999999975 6.045031017290154
-5.2399999999999975 -6.045031017290154
-5.1999999999999975 6.079473661428267
-5.1999999999999975 -6.079473661428267
-5.1599999999999975 6.1134605584725925
-5.1599999999999975 -6.1134605584725925
-5.119999999999997 6.146999267935537
-5.119999999999997 -6.146999267935537
-5.079999999999997 6.180097086616037
-5.079999999999997 -6.180097086616037
-5.039999999999997 6.212761060913258
-5.039999999999997 -6.212761060913258
-4.999999999999997 6.2449979983984
-4.999999999999997 -6.2449979983984
-4.959999999999997 6.276814478698572
-4.959999999999997 -6.276814478698572
-4.919999999999997 6.308216863742085
-4.919999999999997 -6.308216863742085
-4.879999999999997 6.3392113074104115
-4.879999999999997 -6.3392113074104115
-4.839999999999997 6.369803764638282
-4.839999999999997 -6.369803764638282
-4.799999999999997 6.400000000000002
-4.799999999999997 -6.400000000000002
-4.759999999999997 6.429805595817033
-4.759999999999997 -6.429805595817033
-4.719999999999997 6.459225959819026
-4.719999999999997 -6.459225959819026
-4.679999999999997 6.488266332388031
-4.679999999999997 -6.488266332388031
-4.639999999999997 6.516931793413218
-4.639999999999997 -6.516931793413218
-4.599999999999997 6.5452272687814315
-4.599999999999997 -6.5452272687814315
-4.559999999999997 6.573157536526873
-4.559999999999997 -6.573157536526873
-4.519999999999997 6.600727232661567
-4.519999999999997 -6.600727232661567
-4.479999999999997 6.627940856706555
-4.479999999999997 -6.627940856706555
-4.439999999999997 6.654802776942382
-4.439999999999997 -6.654802776942382
-4.399999999999997 6.681317235396029
-4.399999999999997 -6.681317235396029
-4.359999999999997 6.707488352580273
-4.359999999999997 -6.707488352580273
-4.319999999999997 6.733320132000262
-4.319999999999997 -6.733320132000262
-4.279999999999997 6.758816464441096
-4.279999999999997 -6.758816464441096
-4.239999999999997 6.783981132049236
-4.239999999999997 -6.783981132049236
-4.199999999999997 6.808817812219683
-4.199999999999997 -6.808817812219683
-4.159999999999997 6.8333300813000415
-4.159999999999997 -6.8333300813000415
-4.1199999999999966 6.857521418121858
-4.1199999999999966 -6.857521418121858
-4.0799999999999965 6.881395207368926
-4.0799999999999965 -6.881395207368926
-4.0399999999999965 6.9049547427915865
-4.0399999999999965 -6.9049547427915865
-3.9999999999999964 6.928203230275511
-3.9999999999999964 -6.928203230275511
-3.9599999999999964 6.951143790772855
-3.9599999999999964 -6.951143790772855
-3.9199999999999964 6.973779463103205
-3.9199999999999964 -6.973779463103205
-3.8799999999999963 6.996113206631239
-3.8799999999999963 -6.996113206631239
-3.8399999999999963 7.0181479038276215
-3.8399999999999963 -7.0181479038276215
-3.7999999999999963 7.039886362719218
-3.7999999999999963 -7.039886362719218
-3.7599999999999962 7.061331319234357
-3.7599999999999962 -7.061331319234357
-3.719999999999996 7.082485439448501
-3.719999999999996 -7.082485439448501
-3.679999999999996 7.103351321735398
-3.679999999999996 -7.103351321735398
-3.639999999999996 7.123931498828441
-3.639999999999996 -7.123931498828441
-3.599999999999996 7.144228439796702
-3.599999999999996 -7.144228439796702
-3.559999999999996 7.1642445519398645
-3.559999999999996 -7.1642445519398645
-3.519999999999996 7.18398218260597
-3.519999999999996 -7.18398218260597
-3.479999999999996 7.203443620935755
-3.479999999999996 -7.203443620935755
-3.439999999999996 7.222631099537067
-3.439999999999996 -7.222631099537067
-3.399999999999996 7.2415467960926705
-3.399999999999996 -7.2415467960926705
-3.359999999999996 7.260192834904595
-3.359999999999996 -7.260192834904595
-3.319999999999996 7.278571288377962
-3.319999999999996 -7.278571288377962
-3.279999999999996 7.296684178447086
-3.279999999999996 -7.296684178447086
-3.2399999999999958 7.314533477946494
-3.2399999999999958 -7.314533477946494
-3.1999999999999957 7.332121111929346
-3.1999999999999957 -7.332121111929346
-3.1599999999999957 7.34944895893563
-3.1599999999999957 -7.34944895893563
-3.1199999999999957 7.366518852212355
-3.1199999999999957 -7.366518852212355
-3.0799999999999956 7.383332580887849
-3.0799999999999956 -7.383332580887849
-3.0399999999999956 7.399891891102195
-3.0399999999999956 -7.399891891102195
-2.9999999999999956 7.416198487095665
-2.9999999999999956 -7.416198487095665
-2.9599999999999955 7.432254032256973
-2.9599999999999955 -7.432254032256973
-2.9199999999999955 7.448060150133055
-2.9199999999999955 -7.448060150133055
-2.8799999999999955 7.463618425401986
-2.8799999999999955 -7.463618425401986
-2.8399999999999954 7.478930404810572
-2.8399999999999954 -7.478930404810572
-2.7999999999999954 7.49399759807808
-2.7999999999999954 -7.49399759807808
-2.7599999999999953 7.508821478767492
-2.7599999999999953 -7.508821478767492
-2.7199999999999953 7.5234034851256
-2.7199999999999953 -7.5234034851256
-2.6799999999999953 7.537745020893187
-2.6799999999999953 -7.537745020893187
-2.6399999999999952 7.5518474560864925
-2.6399999999999952 -7.5518474560864925
-2.599999999999995 7.565712127751096
-2.599999999999995 -7.565712127751096
-2.559999999999995 7.5793403406892885
-2.559999999999995 -7.5793403406892885
-2.519999999999995 7.592733368161957
-2.519999999999995 -7.592733368161957
-2.479999999999995 7.605892452565972
-2.479999999999995 -7.605892452565972
-2.439999999999995 7.61881880608799
-2.439999999999995 -7.61881880608799
-2.399999999999995 7.631513611335567
-2.399999999999995 -7.631513611335567
-2.359999999999995 7.6439780219464275
-2.359999999999995 -7.6439780219464275
-2.319999999999995 7.65621316317669
-2.319999999999995 -7.65621316317669
-2.279999999999995 7.6682201324688135
-2.279999999999995 -7.6682201324688135
-2.239999999999995 7.6800000000000015
-2.239999999999995 -7.6800000000000015
-2.199999999999995 7.691553809211766
-2.199999999999995 -7.691553809211766
-2.159999999999995 7.702882577321299
-2.159999999999995 -7.702882577321299
-2.1199999999999948 7.713987295815311
-2.1199999999999948 -7.713987295815311
-2.0799999999999947 7.72486893092692
-2.0799999999999947 -7.72486893092692
-2.0399999999999947 7.735528424096186
-2.0399999999999947 -7.735528424096186
-1.9999999999999947 7.745966692414835
-1.9999999999999947 -7.745966692414835
-1.9599999999999946 7.756184629055707
-1.9599999999999946 -7.756184629055707
-1.9199999999999946 7.766183103687424
-1.9199999999999946 -7.766183103687424
-1.8799999999999946 7.77596296287476
-1.8799999999999946 -7.77596296287476
-1.8399999999999945 7.785525030465191
-1.8399999999999945 -7.785525030465191
-1.7999999999999945 7.794870107962032
-1.7999999999999945 -7.794870107962032
-1.7599999999999945 7.803998974884609
-1.7599999999999945 -7.803998974884609
-1.7199999999999944 7.812912389115855
-1.7199999999999944 -7.812912389115855
-1.6799999999999944 7.821611087237719
-1.6799999999999944 -7.821611087237719
-1.6399999999999944 7.830095784854743
-1.6399999999999944 -7.830095784854743
-1.5999999999999943 7.838367176906171
-1.5999999999999943 -7.838367176906171
-1.5599999999999943 7.8464259379669175
-1.5599999999999943 -7.8464259379669175
-1.5199999999999942 7.854272722537716
-1.5199999999999942 -7.854272722537716
-1.4799999999999942 7.861908165324753
-1.4799999999999942 -7.861908165324753
-1.4399999999999942 7.869332881509081
-1.4399999999999942 -7.869332881509081
-1.3999999999999941 7.8765474670060875
-1.3999999999999941 -7.8765474670060875
-1.359999999999994 7.883552498715285
-1.359999999999994 -7.883552498715285
-1.319999999999994 7.8903485347606805
-1.319999999999994 -7.8903485347606805
-1.279999999999994 7.896936114721964
-1.279999999999994 -7.896936114721964
-1.239999999999994 7.9033157598567465
-1.239999999999994 -7.9033157598567465
-1.199999999999994 7.909487973314077
-1.199999999999994 -7.909487973314077
-1.159999999999994 7.915453240339432
-1.159999999999994 -7.915453240339432
-1.119999999999994 7.921212028471401
-1.119999999999994 -7.921212028471401
-1.0799999999999939 7.926764787730239
-1.0799999999999939 -7.926764787730239
-1.0399999999999938 7.932111950798476
-1.0399999999999938 -7.932111950798476
-0.9999999999999938 7.937253933193773
-0.9999999999999938 -7.937253933193773
-0.9599999999999937 7.942191133434148
-0.9599999999999937 -7.942191133434148
-0.9199999999999937 7.946923933195788
-0.9199999999999937 -7.946923933195788
-0.8799999999999937 7.951452697463528
-0.8799999999999937 -7.951452697463528
-0.8399999999999936 7.955777774674202
-0.8399999999999936 -7.955777774674202
-0.7999999999999936 7.959899496852961
-0.7999999999999936 -7.959899496852961
-0.7599999999999936 7.96381817974268
-0.7599999999999936 -7.96381817974268
-0.7199999999999935 7.967534122926616
-0.7199999999999935 -7.967534122926616
-0.6799999999999935 7.97104760994438
-0.6799999999999935 -7.97104760994438
-0.6399999999999935 7.974358908401353
-0.6399999999999935 -7.974358908401353
-0.5999999999999934 7.977468270071653
-0.5999999999999934 -7.977468270071653
-0.5599999999999934 7.98037593099473
-0.5599999999999934 -7.98037593099473
-0.5199999999999934 7.983082111565683
-0.5199999999999934 -7.983082111565683
-0.4799999999999934 7.985587016619379
-0.4799999999999934 -7.985587016619379
-0.4399999999999934 7.987890835508457
-0.4399999999999934 -7.987890835508457
-0.3999999999999934 7.989993742175272
-0.3999999999999934 -7.989993742175272
-0.35999999999999344 7.991895895217855
-0.35999999999999344 -7.991895895217855
-0.31999999999999346 7.99359743794995
-0.31999999999999346 -7.99359743794995
-0.2799999999999935 7.995098498455163
-0.2799999999999935 -7.995098498455163
-0.23999999999999347 7.996399189635295
-0.23999999999999347 -7.996399189635295
-0.19999999999999346 7.997499609252882
-0.19999999999999346 -7.997499609252882
-0.15999999999999345 7.998399839967992
-0.15999999999999345 -7.998399839967992
-0.11999999999999345 7.999099949369303
-0.11999999999999345 -7.999099949369303
-0.07999999999999344 7.9995999899995
-0.07999999999999344 -7.9995999899995
-0.03999999999999344 7.999899999374993
-0.03999999999999344 -7.999899999374993
6.564193633096238e-15 8
6.564193633096238e-15 -8
0.040000000000006565 7.999899999374992
0.040000000000006565 -7.999899999374992
0.08000000000000657 7.9995999899995
0.08000000000000657 -7.9995999899995
0.12000000000000657 7.999099949369303
0.12000000000000657 -7.999099949369303
0.16000000000000658 7.998399839967992
0.16000000000000658 -7.998399839967992
0.2000000000000066 7.997499609252882
0.2000000000000066 -7.997499609252882
0.2400000000000066 7.996399189635294
0.2400000000000066 -7.996399189635294
0.2800000000000066 7.995098498455163
0.2800000000000066 -7.995098498455163
0.32000000000000656 7.9935974379499495
0.32000000000000656 -7.9935974379499495
0.36000000000000654 7.991895895217855
0.36000000000000654 -7.991895895217855
0.4000000000000065 7.989993742175272
0.4000000000000065 -7.989993742175272
0.4400000000000065 7.987890835508457
0.4400000000000065 -7.987890835508457
0.4800000000000065 7.985587016619379
0.4800000000000065 -7.985587016619379
0.5200000000000065 7.9830821115656825
0.5200000000000065 -7.9830821115656825
0.5600000000000065 7.980375930994729
0.5600000000000065 -7.980375930994729
0.6000000000000065 7.977468270071652
0.6000000000000065 -7.977468270071652
0.6400000000000066 7.974358908401351
0.6400000000000066 -7.974358908401351
0.6800000000000066 7.971047609944379
0.6800000000000066 -7.971047609944379
0.7200000000000066 7.967534122926615
0.7200000000000066 -7.967534122926615
0.7600000000000067 7.963818179742678
0.7600000000000067 -7.963818179742678
0.8000000000000067 7.959899496852959
0.8000000000000067 -7.959899496852959
0.8400000000000067 7.9557777746742016
0.8400000000000067 -7.9557777746742016
0.8800000000000068 7.951452697463526
0.8800000000000068 -7.951452697463526
0.9200000000000068 7.946923933195786
0.9200000000000068 -7.946923933195786
0.9600000000000068 7.9421911334341475
0.9600000000000068 -7.9421911334341475
1.0000000000000069 7.937253933193771
1.0000000000000069 -7.937253933193771
1.040000000000007 7.9321119507984745
1.040000000000007 -7.9321119507984745
1.080000000000007 7.926764787730237
1.080000000000007 -7.926764787730237
1.120000000000007 7.921212028471399
1.120000000000007 -7.921212028471399
1.160000000000007 7.9154532403394295
1.160000000000007 -7.9154532403394295
1.200000000000007 7.909487973314074
1.200000000000007 -7.909487973314074
1.240000000000007 7.903315759856744
1.240000000000007 -7.903315759856744
1.2800000000000071 7.896936114721961
1.2800000000000071 -7.896936114721961
1.3200000000000072 7.890348534760678
1.3200000000000072 -7.890348534760678
1.3600000000000072 7.883552498715283
1.3600000000000072 -7.883552498715283
1.4000000000000072 7.876547467006085
1.4000000000000072 -7.876547467006085
1.4400000000000073 7.869332881509079
1.4400000000000073 -7.869332881509079
1.4800000000000073 7.86190816532475
1.4800000000000073 -7.86190816532475
1.5200000000000073 7.854272722537713
1.5200000000000073 -7.854272722537713
1.5600000000000074 7.846425937966915
1.5600000000000074 -7.846425937966915
1.6000000000000074 7.838367176906169
1.6000000000000074 -7.838367176906169
1.6400000000000075 7.83009578485474
1.6400000000000075 -7.83009578485474
1.6800000000000075 7.8216110872377165
1.6800000000000075 -7.8216110872377165
1.7200000000000075 7.812912389115852
1.7200000000000075 -7.812912389115852
1.7600000000000076 7.803998974884605
1.7600000000000076 -7.803998974884605
1.8000000000000076 7.794870107962029
1.8000000000000076 -7.794870107962029
1.8400000000000076 7.785525030465188
1.8400000000000076 -7.785525030465188
1.8800000000000077 7.7759629628747575
1.8800000000000077 -7.7759629628747575
1.9200000000000077 7.76618310368742
1.9200000000000077 -7.76618310368742
1.9600000000000077 7.756184629055705
1.9600000000000077 -7.756184629055705
2.0000000000000075 7.745966692414832
2.0000000000000075 -7.745966692414832
2.0400000000000076 7.735528424096183
2.0400000000000076 -7.735528424096183
2.0800000000000076 7.724868930926917
2.0800000000000076 -7.724868930926917
2.1200000000000077 7.713987295815308
2.1200000000000077 -7.713987295815308
2.1600000000000077 7.702882577321295
2.1600000000000077 -7.702882577321295
2.2000000000000077 7.691553809211762
2.2000000000000077 -7.691553809211762
2.2400000000000078 7.679999999999998
2.2400000000000078 -7.679999999999998
2.280000000000008 7.668220132468809
2.280000000000008 -7.668220132468809
2.320000000000008 7.6562131631766865
2.320000000000008 -7.6562131631766865
2.360000000000008 7.643978021946424
2.360000000000008 -7.643978021946424
2.400000000000008 7.631513611335563
2.400000000000008 -7.631513611335563
2.440000000000008 7.618818806087986
2.440000000000008 -7.618818806087986
2.480000000000008 7.605892452565969
2.480000000000008 -7.605892452565969
2.520000000000008 7.592733368161953
2.520000000000008 -7.592733368161953
2.560000000000008 7.579340340689285
2.560000000000008 -7.579340340689285
2.600000000000008 7.565712127751092
2.600000000000008 -7.565712127751092
2.640000000000008 7.551847456086488
2.640000000000008 -7.551847456086488
2.680000000000008 7.5377450208931815
2.680000000000008 -7.5377450208931815
2.720000000000008 7.523403485125596
2.720000000000008 -7.523403485125596
2.7600000000000082 7.508821478767487
2.7600000000000082 -7.508821478767487
2.8000000000000083 7.493997598078074
2.8000000000000083 -7.493997598078074
2.8400000000000083 7.478930404810567
2.8400000000000083 -7.478930404810567
2.8800000000000083 7.4636184254019815
2.8800000000000083 -7.4636184254019815
2.9200000000000084 7.44806015013305
2.9200000000000084 -7.44806015013305
2.9600000000000084 7.432254032256967
2.9600000000000084 -7.432254032256967
3.0000000000000084 7.416198487095659
3.0000000000000084 -7.416198487095659
3.0400000000000085 7.3998918911021905
3.0400000000000085 -7.3998918911021905
3.0800000000000085 7.383332580887844
3.0800000000000085 -7.383332580887844
3.1200000000000085 7.36651885221235
3.1200000000000085 -7.36651885221235
3.1600000000000086 7.349448958935625
3.1600000000000086 -7.349448958935625
3.2000000000000086 7.33212111192934
3.2000000000000086 -7.33212111192934
3.2400000000000087 7.314533477946488
3.2400000000000087 -7.314533477946488
3.2800000000000087 7.29668417844708
3.2800000000000087 -7.29668417844708
3.3200000000000087 7.278571288377956
3.3200000000000087 -7.278571288377956
3.3600000000000088 7.26019283490459
3.3600000000000088 -7.26019283490459
3.400000000000009 7.241546796092665
3.400000000000009 -7.241546796092665
3.440000000000009 7.222631099537061
3.440000000000009 -7.222631099537061
3.480000000000009 7.203443620935749
3.480000000000009 -7.203443620935749
3.520000000000009 7.183982182605963
3.520000000000009 -7.183982182605963
3.560000000000009 7.164244551939858
3.560000000000009 -7.164244551939858
3.600000000000009 7.144228439796696
3.600000000000009 -7.144228439796696
3.640000000000009 7.1239314988284335
3.640000000000009 -7.1239314988284335
3.680000000000009 7.103351321735392
3.680000000000009 -7.103351321735392
3.720000000000009 7.082485439448495
3.720000000000009 -7.082485439448495
3.760000000000009 7.06133131923435
3.760000000000009 -7.06133131923435
3.800000000000009 7.039886362719211
3.800000000000009 -7.039886362719211
3.840000000000009 7.018147903827614
3.840000000000009 -7.018147903827614
3.880000000000009 6.9961132066312315
3.880000000000009 -6.9961132066312315
3.9200000000000093 6.973779463103198
3.9200000000000093 -6.973779463103198
3.9600000000000093 6.951143790772848
3.9600000000000093 -6.951143790772848
4.000000000000009 6.928203230275504
4.000000000000009 -6.928203230275504
4.040000000000009 6.904954742791579
4.040000000000009 -6.904954742791579
4.080000000000009 6.881395207368919
4.080000000000009 -6.881395207368919
4.120000000000009 6.857521418121851
4.120000000000009 -6.857521418121851
4.160000000000009 6.8333300813000335
4.160000000000009 -6.8333300813000335
4.200000000000009 6.808817812219676
4.200000000000009 -6.808817812219676
4.240000000000009 6.783981132049227
4.240000000000009 -6.783981132049227
4.280000000000009 6.758816464441087
4.280000000000009 -6.758816464441087
4.320000000000009 6.733320132000254
4.320000000000009 -6.733320132000254
4.360000000000009 6.707488352580265
4.360000000000009 -6.707488352580265
4.400000000000009 6.68131723539602
4.400000000000009 -6.68131723539602
4.440000000000009 6.654802776942373
4.440000000000009 -6.654802776942373
4.480000000000009 6.627940856706547
4.480000000000009 -6.627940856706547
4.520000000000009 6.6007272326615585
4.520000000000009 -6.6007272326615585
4.560000000000009 6.573157536526865
4.560000000000009 -6.573157536526865
4.600000000000009 6.545227268781423
4.600000000000009 -6.545227268781423
4.6400000000000095 6.516931793413209
4.6400000000000095 -6.516931793413209
4.6800000000000095 6.488266332388022
4.6800000000000095 -6.488266332388022
4.7200000000000095 6.459225959819018
4.7200000000000095 -6.459225959819018
4.76000000000001 6.429805595817024
4.76000000000001 -6.429805595817024
4.80000000000001 6.399999999999993
4.80000000000001 -6.399999999999993
4.84000000000001 6.369803764638273
4.84000000000001 -6.369803764638273
4.88000000000001 6.339211307410403
4.88000000000001 -6.339211307410403
4.92000000000001 6.308216863742075
4.92000000000001 -6.308216863742075
4.96000000000001 6.2768144786985625
4.96000000000001 -6.2768144786985625
5.00000000000001 6.24499799839839
5.00000000000001 -6.24499799839839
5.04000000000001 6.212761060913247
5.04000000000001 -6.212761060913247
5.08000000000001 6.180097086616027
5.08000000000001 -6.180097086616027
5.12000000000001 6.146999267935527
5.12000000000001 -6.146999267935527
5.16000000000001 6.113460558472582
5.16000000000001 -6.113460558472582
5.20000000000001 6.079473661428257
5.20000000000001 -6.079473661428257
5.24000000000001 6.0450310172901425
5.24000000000001 -6.0450310172901425
5.28000000000001 6.010124790717735
5.28000000000001 -6.010124790717735
5.32000000000001 5.9747468565622
5.32000000000001 -5.9747468565622
5.36000000000001 5.9388887849495795
5.36000000000001 -5.9388887849495795
5.40000000000001 5.9025418253494735
5.40000000000001 -5.9025418253494735
5.44000000000001 5.865696889543466
5.44000000000001 -5.865696889543466
5.48000000000001 5.828344533398818
5.48000000000001 -5.828344533398818
5.52000000000001 5.790474937343213
5.52000000000001 -5.790474937343213
5.56000000000001 5.752077885425395
5.56000000000001 -5.752077885425395
5.60000000000001 5.71314274283427
5.60000000000001 -5.71314274283427
5.64000000000001 5.673658431735196
5.64000000000001 -5.673658431735196
5.68000000000001 5.6336134052666305
5.68000000000001 -5.6336134052666305
5.72000000000001 5.5929956195226795
5.72000000000001 -5.5929956195226795
5.7600000000000104 5.551792503327181
5.7600000000000104 -5.551792503327181
5.8000000000000105 5.509990925582353
5.8000000000000105 -5.509990925582353
5.8400000000000105 5.467577159949357
5.8400000000000105 -5.467577159949357
5.8800000000000106 5.424536846588829
5.8800000000000106 -5.424536846588829
5.920000000000011 5.380854950656064
5.920000000000011 -5.380854950656064
5.960000000000011 5.336515717207237
5.960000000000011 -5.336515717207237
6.000000000000011 5.291502622129169
6.000000000000011 -5.291502622129169
6.040000000000011 5.245798318654642
6.040000000000011 -5.245798318654642
6.080000000000011 5.199384578967003
6.080000000000011 -5.199384578967003
6.120000000000011 5.15224223033039
6.120000000000011 -5.15224223033039
6.160000000000011 5.104351085103754
6.160000000000011 -5.104351085103754
6.200000000000011 5.055689863905802
6.200000000000011 -5.055689863905802
6.240000000000011 5.006236111091831
6.240000000000011 -5.006236111091831
6.280000000000011 4.955966101578971
6.280000000000011 -4.955966101578971
6.320000000000011 4.9048547379101715
6.320000000000011 -4.9048547379101715
6.360000000000011 4.8528754362748545
6.360000000000011 -4.8528754362748545
6.400000000000011 4.799999999999985
6.400000000000011 -4.799999999999985
6.440000000000011 4.746198478782768
6.440000000000011 -4.746198478782768
6.480000000000011 4.691439011646625
6.480000000000011 -4.691439011646625
6.520000000000011 4.635687651255189
6.520000000000011 -4.635687651255189
6.560000000000011 4.578908166801323
6.560000000000011 -4.578908166801323
6.600000000000011 4.52106182218291
6.600000000000011 -4.52106182218291
6.640000000000011 4.462107125562973
6.640000000000011 -4.462107125562973
6.680000000000011 4.401999545661023
6.680000000000011 -4.401999545661023
6.720000000000011 4.340691189200155
6.720000000000011 -4.340691189200155
6.760000000000011 4.278130432794195
6.760000000000011 -4.278130432794195
6.800000000000011 4.214261501141078
6.800000000000011 -4.214261501141078
6.840000000000011 4.149023981613006
6.840000000000011 -4.149023981613006
6.880000000000011 4.082352263095364
6.880000000000011 -4.082352263095364
6.9200000000000115 4.014174884082636
6.9200000000000115 -4.014174884082636
6.9600000000000115 3.944413771398716
6.9600000000000115 -3.944413771398716
7.0000000000000115 3.8729833462073957
7.0000000000000115 -3.8729833462073957
7.040000000000012 3.7997894678521122
7.040000000000012 -3.7997894678521122
7.080000000000012 3.724728178001696
7.080000000000012 -3.724728178001696
7.120000000000012 3.6476841968569365
7.120000000000012 -3.6476841968569365
7.160000000000012 3.568529108750527
7.160000000000012 -3.568529108750527
7.200000000000012 3.487119154832515
7.200000000000012 -3.487119154832515
7.240000000000012 3.4032925234249007
7.240000000000012 -3.4032925234249007
7.280000000000012 3.3168659906604345
7.280000000000012 -3.3168659906604345
7.320000000000012 3.2276307099790444
7.320000000000012 -3.2276307099790444
7.360000000000012 3.1353468707624406
7.360000000000012 -3.1353468707624406
7.400000000000012 3.0397368307141037
7.400000000000012 -3.0397368307141037
7.440000000000012 2.9404761519182268
7.440000000000012 -2.9404761519182268
7.480000000000012 2.8371817002088218
7.480000000000012 -2.8371817002088218
7.520000000000012 2.729395537477084
7.520000000000012 -2.729395537477084
7.560000000000012 2.6165626306281715
7.560000000000012 -2.6165626306281715
7.600000000000012 2.497999199359323
7.600000000000012 -2.497999199359323
7.640000000000012 2.3728463919941842
7.640000000000012 -2.3728463919941842
7.680000000000012 2.239999999999959
7.680000000000012 -2.239999999999959
7.720000000000012 2.0979990467108918
7.720000000000012 -2.0979990467108918
7.760000000000012 1.9448393249828662
7.760000000000012 -1.9448393249828662
7.800000000000012 1.7776388834630648
7.800000000000012 -1.7776388834630648
7.840000000000012 1.591979899370531
7.840000000000012 -1.591979899370531
7.880000000000012 1.3804347141389222
7.880000000000012 -1.3804347141389222
7.920000000000012 1.1285388783731833
7.920000000000012 -1.1285388783731833
7.960000000000012 0.7989993742174053
7.960000000000012 -0.7989993742174053
