543.831548707286 523.790406758562
977.5001476957297 883.7034429928153
146.2737959743702 527.4449991263937
108.85877423525692 622.0841086985768
142.9014878941646 31.794386306903963
8.94102297026026 616.5799116636585
804.7812664341762 750.3693260807341
73.6764613108655 926.8578515350007
798.0918999951045 441.3300408589185
184.82105054338342 765.9129828277821
916.3167092333294 690.1842515743919
345.34672333588446 908.8787198957951
243.99858995720587 786.981205096466
921.607263775038 157.32703836371866
403.3439306382687 272.3882679302499
379.2187333948566 127.59925778118932
226.05038762531058 789.4240276885328
365.5952273605598 618.8482567702151
247.721059337702 962.7885535766235
864.8491769837959 450.1246952827291
250.96837704428643 302.77320884645013
641.4453276398011 423.2790476947491
963.5911826084656 429.4786248416853
286.84990496552956 418.6222166134442
51.988450984209145 837.542639799725
504.83968900583164 576.701661211196
89.53468683218135 883.4093266588965
301.24984078541905 416.88318451782595
370.7684431666582 612.5711423101247
214.1787674965858 375.41745783531536
843.2695728494532 378.0604413016429
161.12285801437187 42.70304673520646
106.56152140295607 27.87655001052694
649.5703193258686 669.7634310129811
757.5361059366929 537.2197992813075
269.5493458020765 198.79253035923338
910.9739332559747 28.03975373455025
764.4280940719765 176.8796653217441
353.99511930338736 987.5057013686173
987.3180166005707 604.9836701936707
714.031419278443 280.8401972430088
51.490278800465816 184.41229423678624
999.2692406113761 375.55942302717773
2.6061442711231333 852.7757174081519
658.5397344380455 225.84138897951334
479.82398558333887 382.4525220532977
22.23497895060451 547.894698525524
796.0204194634484 783.3828526218131
931.4175135166593 227.98909194431707
765.3773763619557 492.63215612190726
309.1964268834662 654.8185077816098
543.226184349666 116.72039029702786
424.2480588525623 150.34715020721373
59.54463951058406 629.3260696746163
97.0633723697347 153.3445077309209
576.3518248599164 972.4966309529993
495.8954665961095 525.5556281793638
147.68943012548095 942.5723469327222
543.123574798638 534.2960895619823
422.5761810809528 562.0494182911169
594.1129023600362 234.93588860121756
948.4407098324855 135.5595188720894
874.595934328943 826.8150184158001
160.0073805230177 144.53175774194833
870.8896639595271 716.4624652745715
167.40638935092548 677.2039630740069
982.3350649708266 70.14913333192344
52.10593269910542 956.2355179313095
216.0020880685176 408.1419146790636
403.39274981321086 545.0568410703826
294.753521101179 402.2101972554053
271.77122869505075 281.9199876605495
537.5458693787941 447.3155067292345
765.0197071880527 57.361641004684564
426.6045631195243 745.2512269705309
585.2609827676796 769.2511293815091
390.2110666147013 271.21509056573785
45.98613604707067 417.9427530136877
932.9662617612421 398.1083841641611
354.62102454499376 780.7903715677323
835.7373523053647 182.73450569369456
221.70433770887146 932.9474351074247
441.14688170762406 948.1748361983748
150.58759899178818 483.859801944695
463.92920593636285 682.9616075961021
623.9427975211973 661.019790937416
108.31528445841533 445.52746187876164
653.5393295319487 740.5594203511181
148.5149459855815 594.3981037719617
208.84481046805345 66.67404898375037
162.39342653309336 602.8780530683975
700.0000021143907 121.3002051318938
823.3716381547483 952.0278635027721
544.5862407037255 535.6349164883217
414.0235492539605 493.5602495691783
350.81870914742564 980.9646426750545
475.8685153638323 425.1981571669904
983.7789380771948 931.9910973284958
768.9746308646479 133.6976368871894
261.8467896180079 755.4615342105845
662.1801371690871 778.1316452372276
480.0057343226561 982.6645124318957
633.2083096860163 577.4620205050488
274.98889435455266 38.73443807946586
278.2166671544383 656.6242195676168
7.629886676881942 43.67684633174941
783.8191327466312 87.73183853830793
402.1579242564412 544.792434915658
809.6689604249399 760.7198131961653
854.6642044315965 729.1270624253146
51.01655669745831 507.5723918760541
985.6888238896413 358.2360476275865
164.24702777000246 615.2121629414002
466.37534929886834 35.70982025149807
971.6905518139417 414.79506545806044
268.33558285681204 148.88710176023932
44.25716094171198 725.6056415248255
647.0726267627398 158.97883571509365
755.9598960810309 982.4704043078069
38.85949968216403 572.5226850109628
98.31671095207354 259.2159604835866
794.633569099882 296.7341082278157
589.4312395109795 39.84310785382296
349.6453644761046 903.9155412212361
23.893533804250442 426.05538486252476
761.190321414115 593.8757064027469
894.5623299089061 76.42678603098554
81.23303045364001 223.055092458502
434.2123513244537 860.2134658943291
61.77102383620562 209.51035405224235
230.13649367702007 954.9060967241044
827.1274272538244 753.0450828130192
476.47177811057884 487.57450037535676
247.8961877759103 141.4031687983736
486.6653499677192 253.64808412800366
844.3263475102652 368.8473919347225
32.638667453278195 625.6056505813273
218.60352264554413 529.5130954863479
440.15748448739157 42.374931032994894
224.46854400564536 439.99154830832043
286.46550113486876 160.1696231265327
803.0487586126608 543.9990342154146
161.24406040321105 569.4259143937873
677.2390174280484 323.4408154188408
302.92812274369953 722.4474386058627
97.52561205181945 793.0402745962655
682.093350785331 446.65429341703936
880.4037381315156 987.8868123526539
747.7158080139308 973.8521161320143
769.7559408109682 696.1390965753056
191.48954680887596 422.91266729032395
295.6964427073104 126.28963902965798
616.3424152932953 405.1206784643371
585.4494429957887 688.7332192316118
965.73421298136 520.4924003661605
997.9676235916357 914.0485808316172
24.5945558371823 240.01765790853864
553.0683888949702 263.9968640401785
532.9900137085314 87.96551576894251
187.87377343437956 411.6730944641875
252.39263606748963 747.4792959653767
849.5118787449143 232.71958597597794
693.1143439327298 390.5174671581068
302.76844713247755 316.7439923207341
732.8970514452626 57.428640805391204
800.3769059229229 174.6738585203747
804.54805784348 811.9095518614023
466.5907875463645 703.0488294465111
586.317078161995 108.45052436627073
890.9404213976945 161.71664350157766
727.0503800010642 876.5553565187726
934.5287062922785 44.80668527619639
70.79960218673669 930.3821550306452
935.2646978613997 712.1452993453065
183.9741104910034 114.03705739605736
599.8489203029981 664.3490432748223
346.15823200708735 960.0375972464387
862.4392813917788 460.61351697247494
456.5930799597306 629.6126270392114
250.75185989538107 100.33311025126855
936.1235910473756 327.7708911252308
984.6312134342287 787.8877811300408
961.9623251623251 750.680200723816
900.6503176649934 403.21434364291486
986.8700480983474 380.1437460227957
608.8735057146663 458.55105502608166
498.9334239845263 446.16954480654414
130.49984500467085 210.68709652490563
853.5864105249112 758.5253868319944
440.68541618860263 590.2731651123169
773.5955912873665 620.5589679987739
520.9501603001693 971.1063191574729
677.42789293508 732.7166109256586
942.1249934311148 959.8383823233805
59.65098114960246 305.0295188638983
43.43070949772695 106.06944044221996
738.6379417707521 733.8542999811953
800.2755712277742 477.79058233555764
918.3039696887218 173.0202121843248
980.6789604580181 440.8878254655998
66.11131117516852 398.1809954234632
563.2074275845249 17.674827939988262
654.2943651256381 952.0236355562223
389.62333417805115 366.6714437520788
693.6710883661499 131.9714889855993
365.680799174354 491.23040090227914
142.26357599363246 162.85440824274596
947.719043705648 566.4476032271587
263.2094491609374 432.9102309728263
860.2744494165926 497.5284313809901
321.3156340435392 762.274391211963
927.2559409432281 593.342478374609
446.39007729847617 947.1841979172782
333.8691802925817 380.40498430918717
388.82060866930215 340.0576331126613
373.49900934780095 785.1878165123799
210.08039754077737 234.5546553218194
979.0379711842652 203.93452718012998
559.0174922715812 639.7594054113985
110.81351163877653 938.7408309169688
854.5765296358144 299.8776054366738
408.35236251911454 664.8921740774402
915.1801909844156 633.9565037066028
460.68534856458973 243.89316536271326
290.80538436356477 188.26666364183748
774.6121267539049 988.0848754780453
645.9290035943013 419.20622396659394
926.3438904364215 16.36384738067361
577.9192648549548 128.94895690111287
209.5154803651596 926.2963180236462
147.54051396020702 13.079208576253928
563.0179155124416 215.26103401905794
732.2177735646563 907.7268686475442
381.89887012673904 537.0233877154088
695.8862618106633 469.03992582815744
955.2504162137204 384.1747914082619
129.99000417456418 424.5176366515273
863.8759604886781 140.51664233416187
633.2572140751553 287.6835037746824
402.4187027865826 563.345916784431
176.8866212597942 508.94728946681556
372.14150182842855 244.1013021242902
252.49288677597048 365.90333658142606
542.5288789349918 974.5093624747675
575.4638809597749 540.2172359731026
433.54920368483477 381.09489480993597
853.7203968547046 660.233677242373
211.46300441673105 40.99426317095225
586.5491531630333 951.848364293941
995.173952800937 50.787018522535035
971.0419572067369 518.7325382626422
546.5255192475395 634.0292847528931
242.4905413608978 266.1286576253463
529.1366065008069 712.975319968757
367.1454847144457 440.63139869615594
221.59370842719798 524.8334619894813
159.62939331396163 570.4666822644268
863.3339049263413 881.3679828053879
525.2256632682022 442.1162329511827
572.13899171946 840.4129923792225
357.08925491275596 223.20436811230834
407.06592030124904 573.7031023419776
48.28109993607837 790.6899494639238
644.3073746888055 141.32270524777192
153.06615326459456 954.9245498065752
598.0119060842126 712.15541709878
620.1282730013985 755.169535181459
971.5972048316268 133.5564859141503
744.1839780927919 698.1204232565314
635.9794894408516 845.4621536017108
752.9490465369474 442.77616577549264
272.8634116017237 947.2930959101288
757.8909877856787 991.3133490767509
372.3332163432671 77.50803345172987
304.69745908995924 448.5837670721642
196.9696792475149 395.35260857050645
910.3432044542323 217.14559800055238
516.7766477041826 461.50327044507145
50.593765057835014 792.1445677082273
620.915687626277 310.71422027785866
894.5552469700501 806.1945987165217
886.9763666008516 741.9911814613179
398.26654812185575 840.8604848154749
967.40343601108 195.9223964523546
311.43454032996584 923.3630456290718
987.0643120524036 381.15536459039794
832.3558676173681 792.4807330770689
435.0632794491496 75.596122809706
976.5129538235846 880.4567210171047
272.36083331354257 738.8292605006642
529.7477627465686 826.5635427664897
16.142339778674398 742.7065880697298
451.0911749185488 17.51183344585902
319.9998065279669 123.34896704529511
467.9003338019371 535.4890240709659
624.6552117914878 803.0623883341858
271.00593791856323 72.446559563666
520.1993668100465 471.17633968204325
896.2197213205536 808.0698591222226
553.6331360199043 770.2800185474578
643.898942085974 518.2286426711717
498.39138862343736 225.24693968171385
325.2118320455853 816.2508836363024
254.8623728232779 10.422336253650414
226.83923620507298 563.8172258577248
992.153967359086 37.21421737206473
689.1616426279713 835.9091542363212
498.6394652173493 77.43019418644305
76.60107158310035 79.74062515699696
546.9620666943038 740.0459642955759
462.5146254260406 257.6505718018689
40.894908931058026 397.9408202981026
105.67908413374069 530.9792825504707
725.9505800742209 778.7559906251081
150.79776854686682 801.9398032956151
538.4913469350065 494.75044985258694
887.3143153477347 857.7308548224137
485.0979294889495 387.97514407249747
60.2760490602908 341.18105855718164
878.2794585050053 126.70070529030392
192.63837133144764 352.4652754589073
998.9920027930108 856.5945650523682
421.3396086027052 363.78260096832224
896.2942400892732 381.4682220489573
513.4603053713557 495.03173816471235
181.80443452674353 404.2765987970682
19.751789954002188 60.44549625289597
39.181184612218175 572.9386112843785
808.6489589571978 182.26758194091155
309.41827213685474 31.65968026329616
843.247708982277 360.9008219350215
721.9127033817243 414.19915266438517
718.6405827523447 952.816709267338
109.27175781651054 643.5451440772274
855.8510236372006 79.42682770309375
215.72325891953125 87.2404818609741
468.76437547612676 715.6816305010371
67.94442643644427 320.7435335212179
554.8946272212958 923.8437109277146
150.81616591545566 300.5972674340258
394.711197486629 458.09918243812643
308.8511543073434 719.6759184777413
478.7361022708965 129.58159259420324
767.8380784364167 661.7504629840909
847.2878004701674 314.6997279614032
617.3225252096125 859.5436900279688
873.0878544081678 323.92177831466233
615.050108620115 585.7956753812736
819.1838673541223 926.214062881815
329.6367199705759 356.1041592431862
928.2996828347112 184.84102813275058
123.44048573447436 304.91652286446015
13.176908456696955 975.457773902733
727.1868114437267 288.2343980677314
858.7530349617397 102.24367662124723
756.4797957084263 535.0615704913389
89.0879811241825 914.1211691463984
929.2036751112901 505.4157348888493
818.2366818083611 491.53201584433197
606.4531346596021 956.5808151606992
769.4487935420769 438.4948144890458
130.83901057455964 317.7357015525429
522.3809650400276 68.50518467525416
981.2556422577109 520.4567927964578
251.29973598189116 526.3599746874403
264.50847577320224 84.11141469410256
753.1113364394463 307.5478944832247
157.61096631820226 433.90757947196863
931.7234992936294 899.6241629155818
584.930831721551 364.2339350975657
607.1725210473322 747.9921945097686
425.2754437594669 171.25250428223805
792.3167060873254 533.3827539877751
969.5744777219098 158.62948158985705
542.7268395895672 905.028442770206
569.603491435232 939.9645721653768
10.66142351366554 941.906328447847
566.3089304715002 798.7460649479528
989.352529094821 837.75386954365
135.15446596293526 932.7399455496931
245.72445304050535 621.4500170068455
958.1599889867904 366.5154654460768
779.203278974097 208.34142139969845
441.0240488101054 47.20035672209567
223.7287688646468 808.2534908719048
884.7957994013657 436.32083450856095
998.96185472091 121.62955619852505
2.5923402073371054 10.454725183902287
316.99089234899526 866.4333388820951
927.1484485627624 637.4518909592223
158.5027818475187 20.68481424639438
181.19081904727403 370.10865441277946
119.23156576144305 368.4742037820151
637.1407312481773 25.727331459434726
484.2460358737854 225.22566538259278
563.4164380830765 395.5106298742084
792.4408558819947 901.6754956164815
758.83928460063 821.0894695552095
67.26335191115581 399.099809083504
771.6545921389783 120.17589005263783
566.5208624147624 136.84509134178933
886.9156471350711 366.98653694886053
845.8530539859694 881.9750626194062
510.6310693920436 633.7773420007138
911.6881311513779 224.18971241544799
680.784935688427 269.18779912686784
422.92417410675966 27.93794089150004
481.5106038549585 551.080078756162
603.9173154777458 765.5208744625605
34.99019540850035 156.15234908989828
165.23987199003778 706.8553833464005
993.3762019878222 6.638639672454743
156.0724217666717 765.0074088858288
946.272660425867 567.7932044016409
969.0756623211255 36.28258894747631
150.38061533581381 785.1627153962794
925.9263832192588 360.93059626891846
841.9044189680197 858.6669184147934
156.78624691937821 666.6021309786677
989.7475865757143 11.660596952792051
921.5280379771801 958.5071670927056
82.34188134416559 743.0242081334345
363.62576889820497 871.215367299532
365.00341808803165 533.379990401223
334.8120832932926 771.1465229234666
177.19082924492042 861.792072824522
778.6723683544872 879.3931272226731
730.4790839877259 40.03587358292484
168.7619729322546 212.28149633266378
611.3875398486059 214.56213643687306
199.77575307628064 549.1333642555771
758.5441165294678 58.867563115941486
663.275854228515 332.7769617547689
281.9569136159084 750.3358604870666
426.08243640614774 723.3471485743779
561.1149419352419 30.104914130483262
257.8545189228146 891.7951298618842
659.6318114695451 985.0567385911565
478.8950238097175 169.53817955585055
185.09827557102494 287.50104027655607
636.0279868349776 445.4427588506171
93.33032134407262 432.3114518464776
79.58914840505963 913.6301866336167
275.9007025446416 785.1049663522181
237.59981731297574 879.6498301957612
623.7396593724113 708.2061270975148
309.4718786893631 139.75364285408912
581.0913872207097 343.82303167475754
120.38825890396535 203.20469618556015
324.01955714673613 408.043930859552
225.41028404214745 31.20150667838244
789.826615648269 286.20715494893733
468.60256598460126 657.0702561587028
553.8699513977191 676.5874762978254
810.8878113628214 355.9724917676011
467.4706975868396 494.6218737983006
531.821383754641 778.0878143272364
41.198494690519 964.7262157743709
377.0869654185288 419.30723219434094
277.83118179993943 920.8887959264555
621.485879957496 66.52869426632599
759.0286022048908 714.7944482352749
492.2421145660107 207.62556338838175
472.11859071708346 291.57382067970775
320.41790724975505 658.1608377021121
414.9871679168895 2.532616069584529
422.177147421403 146.0161561147545
677.6448142557556 454.80975482698693
471.62779346977635 519.0174886752675
127.49056778771262 913.8198156599906
455.45469593862975 322.44181118356505
782.4756571496049 802.0403370815263
195.69100622724483 359.70479687382135
877.3982740026148 794.9948064375085
197.2988900399904 489.4233335135743
968.650396203911 221.61576810219236
230.9794224646711 329.97589534802864
170.24448178343286 492.8252647983468
833.7129758737987 78.58502257389455
793.9306358690254 113.99631044350406
621.7880602305297 709.7270818619462
775.3132449338782 73.91560516934312
489.15631706718017 123.83971430354892
424.2548885659309 551.1736996674906
913.5665665065043 803.815080788351
714.101844011856 291.5990451329009
106.7843599670022 828.9500004997046
588.0553717756654 110.31053383282178
685.0602688872558 622.0504141713632
434.0088289288147 226.12023542825304
734.4039428742755 989.2528799664105
312.9307731461529 610.0662062333375
293.5869573233332 529.7733973127852
504.3943342587154 702.7992663986565
125.97470288762317 339.1868421085305
462.6383350018048 283.88102759468217
689.2974260863579 711.5737869731918
398.33319681242625 190.48999172416208
622.7652204164413 565.8116745377546
174.57462511747408 719.8935840284629
254.3110927776529 51.57530720966545
4.150557022998027 182.81244546192414
257.1316268784273 733.7902968974644
748.4357199488245 223.7222774933708
832.0885748954319 494.93092687815425
917.2989908555701 239.22519684718912
316.257570653788 996.7958552253834
114.66363826184741 118.94653212561676
303.22399326783733 157.99750526167944
24.61315489005422 111.83805371554232
321.483889832603 490.4458832952151
471.4760459973648 832.8129405961693
372.87480313820305 870.9358729302581
439.4347598288372 887.6245645150393
561.0204561599161 916.6084700380491
431.096347918259 581.5445432614115
879.9241434669714 579.593633333087
1.85500131603268 346.9805976560924
706.5730985587381 152.70228832189798
993.5292379120783 651.1044463508828
281.7550120439151 202.766740048912
12.18801805203481 443.8132916729469
76.08023991995944 109.7753663596864
60.37038711549385 857.1688698431515
310.33233062057616 725.3432548681099
531.3255129595353 842.328639547178
271.40839466582514 619.1881304121085
264.5779796091076 471.9962034108388
558.375318054617 893.843692515348
356.5590792600604 283.0697348424786
444.93355542602865 410.5899263102069
241.5895127632664 141.33570293803137
524.4595867753213 1.9563362471543364
827.9718136401277 906.379798560837
834.1686781314635 630.2812674235975
614.360843102562 503.87236570363456
27.90275870018199 948.4197325415015
673.8684790571981 582.8019089457342
836.026462777018 801.1034701996898
266.1498540276682 640.6210735666078
58.294978652241156 775.5640916400561
364.7063547496099 314.0421497635823
556.8713029015503 825.3428768933422
591.283857675931 658.3972251147527
60.02736822297756 976.0588173061743
9.622176586850808 287.48308218447085
522.0556856713243 707.7687509250296
681.364745821168 568.840082947597
546.8558756455574 589.6216254515065
146.10230369576468 799.9930572805716
228.02688164401388 180.53866673785657
77.27685211842856 736.9297684988471
737.0110796902204 921.1003360201958
411.7176147914535 812.9463761747567
377.3994566774355 703.3117661669176
300.6314157315608 232.238127936612
277.78925457813835 450.6646444779871
671.4824870614626 449.48736605861126
183.65560682959045 585.2194773254029
396.0488292890134 524.6328114019932
103.84667266564996 198.14598821963398
652.5145057288545 702.4164925131225
303.90830577570483 350.81136007394724
719.8061196018958 87.56833890048179
263.2402416952332 575.8278932335036
785.9845986746412 659.6686397846844
5.252085900796819 844.0831277650863
690.456069503349 911.6102697940623
13.792112922516717 261.2877603127276
44.932378853548926 902.0851866173068
505.5053956685256 397.67964123777443
856.9036344885283 305.29892002803365
728.2253373870145 893.8340083636662
737.2572834635951 412.58085800649263
427.8329043666492 751.7584354114412
116.83127546597939 942.9892633567035
278.814389353307 8.361203178244715
522.9507923023469 398.0277804340318
880.8952189186418 276.55882765257456
308.98279520412314 186.2439069988738
2.250564352770456 754.3764650171582
341.1531006408326 674.3334244302465
500.35069480574214 930.38756631564
450.46786313194775 475.64663419075987
150.0176303912792 7.364625504817021
945.195877646878 722.2861052685919
248.90441567502685 192.8137200532275
227.12390313073703 101.2611559782349
209.5702005780093 455.6668780370048
38.22562074910084 386.2258190150871
469.0682093748943 245.95109081197094
431.5686145773072 443.9836514104243
375.0785948154053 804.1822170681836
516.9170748279006 570.9462574370876
791.2897585408606 393.22930519720313
162.0138202640708 728.9223567184882
938.4006293723145 941.4856864854627
189.8776613116211 226.92893600682797
250.2834723062408 116.89732635749846
10.687951722567597 743.1245286356467
364.0203802433738 840.6172740598016
129.33717738415535 311.2068892374431
810.6024751918071 975.8102834413074
916.2961746622123 321.54375634172953
973.0383974981586 970.0191820932137
744.2644283569814 452.70239983329793
730.070699296293 710.3170687619075
332.8641474372155 9.314893354677826
365.85756293925095 187.8449735863309
396.91901424588605 566.5599166305861
630.9039606738296 695.9383552573397
566.8535277000173 45.251467787011336
301.3563932591893 777.9414891589748
70.02185964360453 632.7591072094734
750.4758366002156 874.6078848048568
476.52584287199716 899.6097200027662
644.9755929939748 347.7386403047505
488.4830724870543 926.111013480745
875.8554084649581 27.647664002186733
618.5901641561359 311.5692039136655
408.9045544899042 398.66449599545376
191.79022486084844 774.3778930721468
632.7801036900827 985.0638184720075
955.6507057900085 780.6937431071132
462.775809291729 684.0522716802667
478.6449792237314 855.34843753152
589.9028363965753 630.6981829635488
370.72110201536776 826.3910785175087
105.09794439804993 475.39139185007673
934.0499961098533 524.1461242127176
763.2447626515525 165.15588749984133
912.125453392909 271.28729395900257
466.14860953559366 998.7156982232127
743.233467236488 241.58090579470323
551.3908136591837 344.6779237981655
980.0108272021397 893.2152078698188
672.7102932958009 363.58285059416346
695.120451286893 860.0015806601986
262.2392731650179 472.8548857979587
821.0307787584385 217.2000954249513
939.403907994408 900.0330013318761
815.674460399372 472.19361807686585
163.06890777490372 467.0737365692436
297.39312265940913 509.3748357484764
577.0457145637432 612.0751475751807
877.6734237394209 503.3492571609507
241.41964630974553 89.32196826901976
152.196346279306 318.7638464675323
147.51266855757257 990.1973283478156
730.4795629582268 312.52261423700503
211.54634282970164 176.07056478003096
502.40414541932256 250.28021527238135
507.75860614322653 209.56086343754714
935.6977925762732 930.1546841507438
531.821625788843 830.0135842932125
457.61881118635813 6.706146368775292
626.5622202536157 8.941823487641772
491.00113811664335 870.9410530137745
546.056968294194 832.5600356283858
644.8369368510251 149.45836823967636
771.29003898955 239.53600573186617
230.75898975695898 349.56219476789653
333.86065539150997 877.8615293254273
575.7689455728078 34.02677315118463
910.4910178998845 689.2143286291765
211.5793940678909 878.9400443000881
351.5749195177327 426.1891976837395
931.0467191066646 492.88924874515754
667.6956776254717 788.9680625485236
86.06775094125689 581.083150079574
213.92769304406164 991.7796444496657
64.18884689556607 546.0843423961913
403.49652861921635 612.833590421733
312.6536676390671 281.04100010453027
330.7941034555029 261.3019065364848
972.3559744819279 58.46656011499367
174.00382755438287 27.869456374150992
934.1935732299131 907.433194339177
219.07059253378833 126.47479433678213
765.307449058719 601.9452811895966
600.3035535625997 626.3362986944777
774.8048822541272 998.9747056816718
125.23695172812091 657.2101516342595
640.5086964747228 927.0891988616733
190.2900999544426 505.0158646323476
956.1370908975832 925.3055826698618
8.334478680270157 669.0509304541192
227.73902345995225 301.00562098307535
545.183259370752 621.8068790915862
357.4211705287567 410.67946951236337
934.5759323732817 379.9917968847726
713.7664913508199 617.6223080805561
98.67146681870703 204.9377031409007
88.11653543720938 829.9852689089814
470.17218030500567 364.84642587686443
955.3281317381824 515.2803950504564
893.1070151840083 740.9874039138273
223.87331967906871 136.76054160263988
927.6421578957154 867.3247438587813
746.3219899481556 512.2469754838905
989.2438345169633 22.079526295863147
396.9173627887131 853.2479505857971
58.76844886818833 776.9066780397751
964.259017817724 256.9769319181114
48.45536113585172 900.7077600575878
628.2742972615881 890.7854328395184
784.0602492367132 16.136465060569186
31.456983238488263 768.5917656399062
529.4886324434816 409.01027307544166
163.02180749053397 160.18145757035478
440.51879889799267 909.3435082216077
302.8385141676032 720.7485909437252
708.5101378192642 313.80458476180735
164.513552268143 688.1906642923848
104.88316378043216 874.2714209064642
283.1974673250293 465.0552169707949
951.2513158847025 948.5232247786375
322.1696694187991 310.2287629619581
710.6160133777228 650.7313101415559
715.5502817119194 376.3942463512066
836.5772304596784 991.922049359299
866.0315439196104 101.9821245662561
388.88823624725967 238.6520022507411
204.47431700601953 148.65194110791714
59.768323070940504 291.9120819221749
198.69108617043926 401.85138964730584
257.4411863146191 834.0716274629259
779.331081213194 766.3806978705998
215.1301743338909 552.2694240603257
665.9742898927057 295.5894431823877
450.33938465976075 521.7688425285864
433.265178780128 330.77579319632537
941.2038530511519 549.7881692209204
156.04782292233583 389.65341438790176
776.0623002624051 8.82758883570864
175.76488947343992 673.9638059510826
75.90149039041566 645.9772938592821
590.9531345468681 555.4196137903031
34.55403781182094 371.717417127049
5.9151975717906895 174.15069358502686
213.33888620361384 632.6702089677037
955.0759206843702 223.15945216669888
622.2405793891485 915.168974867318
997.8181090384637 968.8921342721931
454.75765220529496 459.1878842833236
620.1564254328085 476.5081626509457
480.19010326420283 906.8046632184712
481.04332160955784 804.453345012993
924.9012979827726 925.0960526316007
486.1476162564897 379.4937383329676
772.5127500635625 331.5672238209254
218.43091647961424 596.9141017759625
102.81441618832629 968.995150140711
755.7825711643025 713.8933565292017
957.3125201591275 665.6820241132272
313.8548189511241 87.19273014073708
968.6394600723684 962.7745058876234
75.2519722932792 2.678036223669824
130.3503848397479 100.25080127692225
479.6856922703082 487.47208954464946
558.7815574343495 503.97430398224805
648.7784874546376 855.7319446422601
274.6556697258609 867.7340181965147
551.5869788900042 992.2069819728636
892.9197727838346 864.1265466029408
190.18584008535166 426.292110675864
731.7716876010992 235.36335336863598
456.7297081795491 232.54336064266406
929.4481316611148 881.1357774524831
1.2483142927972388 165.41061465789096
387.59706190945775 229.03562791493917
799.4876786251525 451.6386206719161
412.2326965450863 800.2008610835135
277.40266625415404 150.5751472255226
182.44339184376364 44.71493031462274
274.89522287948495 16.721784985683232
576.9048922987727 816.8021819970227
695.0278077693846 12.973350439362545
961.6169515904402 131.7193039788147
688.689504671436 528.3725451240803
839.350731096505 747.290196347176
104.90041237352752 711.3863996132195
581.9342797348453 35.35028217877099
203.3182787125238 773.9844065098357
28.49092832947852 922.8259134914507
64.11293351715872 219.63588002540698
436.3623285405539 635.8012313956325
727.2442644475216 415.9707119258268
54.09529606073236 221.86045015508245
501.1599085704481 42.482152543275376
759.1046846504483 119.87699756450846
940.3241181260343 142.67908007361396
628.7565605401385 60.57104918243046
235.06205891589482 225.40508099091886
860.1939329801851 858.987741440347
442.6262418617233 938.4238941743585
679.2317655524615 275.6843732482653
942.3352721305228 356.73369264458216
688.7490368764271 796.4989903933148
161.74255692010948 265.06637165916567
