25 100
26.5 104.5
28 109
29.5 113.5
31 118
32.5 122.5
34 127
35.5 131.5
37 136
38.5 140.5
40 145
41.5 149.5
43 154
44.5 158.5
46 163
47.5 167.5
49 172
50.5 176.5
52 181
53.5 185.5
55 190
56.5 194.5
58 199
59.5 203.5
61 208
62.5 212.5
64 217
65.5 221.5
67 226
68.5 230.5
70 235
71.5 239.5
73 244
74.5 248.5
76 253
77.5 257.5
79 262
80.5 266.5
82 271
83.5 275.5
85 280
86.5 284.5
88 289
89.5 293.5
91 298
92.5 302.5
94 307
95.5 311.5
97 316
98.5 320.5
100 325
101.5 320.5
103 316
104.5 311.5
106 307
107.5 302.5
109 298
110.5 293.5
112 289
113.5 284.5
115 280
116.5 275.5
118 271
119.5 266.5
121 262
122.5 257.5
124 253
125.5 248.5
127 244
128.5 239.5
130 235
131.5 230.5
133 226
134.5 221.5
136 217
137.5 212.5
139 208
140.5 203.5
142 199
143.5 194.5
145 190
146.5 185.5
148 181
149.5 176.5
151 172
152.5 167.5
154 163
155.5 158.5
157 154
158.5 149.5
160 145
161.5 140.5
163 136
164.5 131.5
166 127
167.5 122.5
169 118
170.5 113.5
172 109
173.5 104.5
175 100
176.5 103.6
178 107.19999999999999
179.5 110.79999999999998
181 114.39999999999998
182.5 117.99999999999997
184 121.59999999999997
185.5 125.19999999999996
187 128.79999999999995
188.5 132.39999999999995
190 135.99999999999994
191.5 139.59999999999994
193 143.19999999999993
194.5 146.79999999999993
196 150.39999999999992
197.5 153.99999999999991
199 157.5999999999999
200.5 161.1999999999999
202 164.7999999999999
203.5 168.3999999999999
205 171.9999999999999
206.5 175.59999999999988
208 179.19999999999987
209.5 182.79999999999987
211 186.39999999999986
212.5 189.99999999999986
214 193.59999999999985
215.5 197.19999999999985
217 200.79999999999984
218.5 204.39999999999984
220 207.99999999999983
221.5 211.59999999999982
223 215.19999999999982
224.5 218.7999999999998
226 222.3999999999998
227.5 225.9999999999998
229 229.5999999999998
230.5 233.1999999999998
232 236.79999999999978
233.5 240.39999999999978
235 243.99999999999977
236.5 247.59999999999977
238 251.19999999999976
239.5 254.79999999999976
241 258.39999999999975
242.5 261.9999999999998
244 265.5999999999998
245.5 269.1999999999998
247 272.79999999999984
248.5 276.39999999999986
250 279.9999999999999
251.5 276.39999999999986
253 272.79999999999984
254.5 269.1999999999998
256 265.5999999999998
257.5 261.9999999999998
259 258.39999999999975
260.5 254.79999999999976
262 251.19999999999976
263.5 247.59999999999977
265 243.99999999999977
266.5 240.39999999999978
268 236.79999999999978
269.5 233.1999999999998
271 229.5999999999998
272.5 225.9999999999998
274 222.3999999999998
275.5 218.7999999999998
277 215.19999999999982
278.5 211.59999999999982
280 207.99999999999983
281.5 204.39999999999984
283 200.79999999999984
284.5 197.19999999999985
286 193.59999999999985
287.5 189.99999999999986
289 186.39999999999986
290.5 182.79999999999987
292 179.19999999999987
293.5 175.59999999999988
295 171.9999999999999
296.5 168.3999999999999
298 164.7999999999999
299.5 161.1999999999999
301 157.5999999999999
302.5 153.99999999999991
304 150.39999999999992
305.5 146.79999999999993
307 143.19999999999993
308.5 139.59999999999994
310 135.99999999999994
311.5 132.39999999999995
313 128.79999999999995
314.5 125.19999999999996
316 121.59999999999997
317.5 117.99999999999997
319 114.39999999999998
320.5 110.79999999999998
322 107.19999999999999
323.5 103.6
325 100
326.5 102.88
328 105.75999999999999
329.5 108.63999999999999
331 111.51999999999998
332.5 114.39999999999998
334 117.27999999999997
335.5 120.15999999999997
337 123.03999999999996
338.5 125.91999999999996
340 128.79999999999995
341.5 131.67999999999995
343 134.55999999999995
344.5 137.43999999999994
346 140.31999999999994
347.5 143.19999999999993
349 146.07999999999993
350.5 148.95999999999992
352 151.83999999999992
353.5 154.7199999999999
355 157.5999999999999
356.5 160.4799999999999
358 163.3599999999999
359.5 166.2399999999999
361 169.1199999999999
362.5 171.9999999999999
364 174.87999999999988
365.5 177.75999999999988
367 180.63999999999987
368.5 183.51999999999987
370 186.39999999999986
371.5 189.27999999999986
373 192.15999999999985
374.5 195.03999999999985
376 197.91999999999985
377.5 200.79999999999984
379 203.67999999999984
380.5 206.55999999999983
382 209.43999999999983
383.5 212.31999999999982
385 215.19999999999982
386.5 218.0799999999998
388 220.9599999999998
389.5 223.8399999999998
391 226.7199999999998
392.5 229.5999999999998
394 232.4799999999998
395.5 235.3599999999998
397 238.23999999999978
398.5 241.11999999999978
400 243.99999999999977
401.5 241.11999999999978
403 238.23999999999978
404.5 235.3599999999998
406 232.4799999999998
407.5 229.5999999999998
409 226.7199999999998
410.5 223.8399999999998
412 220.9599999999998
413.5 218.0799999999998
415 215.19999999999982
416.5 212.31999999999982
418 209.43999999999983
419.5 206.55999999999983
421 203.67999999999984
422.5 200.79999999999984
424 197.91999999999985
425.5 195.03999999999985
427 192.15999999999985
428.5 189.27999999999986
430 186.39999999999986
431.5 183.51999999999987
433 180.63999999999987
434.5 177.75999999999988
436 174.87999999999988
437.5 171.9999999999999
439 169.1199999999999
440.5 166.2399999999999
442 163.3599999999999
443.5 160.4799999999999
445 157.5999999999999
446.5 154.7199999999999
448 151.83999999999992
449.5 148.95999999999992
451 146.07999999999993
452.5 143.19999999999993
454 140.31999999999994
455.5 137.43999999999994
457 134.55999999999995
458.5 131.67999999999995
460 128.79999999999995
461.5 125.91999999999996
463 123.03999999999996
464.5 120.15999999999997
466 117.27999999999997
467.5 114.39999999999998
469 111.51999999999998
470.5 108.63999999999999
472 105.75999999999999
473.5 102.88
475 100
476.5 102.304
478 104.608
479.5 106.912
481 109.21600000000001
482.5 111.52000000000001
484 113.82400000000001
485.5 116.12800000000001
487 118.43200000000002
488.5 120.73600000000002
490 123.04000000000002
491.5 125.34400000000002
493 127.64800000000002
494.5 129.95200000000003
496 132.25600000000003
497.5 134.56000000000003
499 136.86400000000003
500.5 139.16800000000003
502 141.47200000000004
503.5 143.77600000000004
505 146.08000000000004
506.5 148.38400000000004
508 150.68800000000005
509.5 152.99200000000005
511 155.29600000000005
512.5 157.60000000000005
514 159.90400000000005
515.5 162.20800000000006
517 164.51200000000006
518.5 166.81600000000006
520 169.12000000000006
521.5 171.42400000000006
523 173.72800000000007
524.5 176.03200000000007
526 178.33600000000007
527.5 180.64000000000007
529 182.94400000000007
530.5 185.24800000000008
532 187.55200000000008
533.5 189.85600000000008
535 192.16000000000008
536.5 194.46400000000008
538 196.7680000000001
539.5 199.0720000000001
541 201.3760000000001
542.5 203.6800000000001
544 205.9840000000001
545.5 208.2880000000001
547 210.5920000000001
548.5 212.8960000000001
550 215.2000000000001
551.5 212.8960000000001
553 210.5920000000001
554.5 208.2880000000001
556 205.9840000000001
557.5 203.6800000000001
559 201.3760000000001
560.5 199.0720000000001
562 196.7680000000001
563.5 194.46400000000008
565 192.16000000000008
566.5 189.85600000000008
568 187.55200000000008
569.5 185.24800000000008
571 182.94400000000007
572.5 180.64000000000007
574 178.33600000000007
575.5 176.03200000000007
577 173.72800000000007
578.5 171.42400000000006
580 169.12000000000006
581.5 166.81600000000006
583 164.51200000000006
584.5 162.20800000000006
586 159.90400000000005
587.5 157.60000000000005
589 155.29600000000005
590.5 152.99200000000005
592 150.68800000000005
593.5 148.38400000000004
595 146.08000000000004
596.5 143.77600000000004
598 141.47200000000004
599.5 139.16800000000003
601 136.86400000000003
602.5 134.56000000000003
604 132.25600000000003
605.5 129.95200000000003
607 127.64800000000002
608.5 125.34400000000002
610 123.04000000000002
611.5 120.73600000000002
613 118.43200000000002
614.5 116.12800000000001
616 113.82400000000001
617.5 111.52000000000001
619 109.21600000000001
620.5 106.912
622 104.608
623.5 102.304
