0 0
1 0.06279051952931337
2 0.12533323356430426
3 0.18738131458572463
4 0.2486898871648548
5 0.3090169943749474
6 0.368124552684678
7 0.4257792915650727
8 0.4817536741017153
9 0.5358267949789967
10 0.5877852522924731
11 0.6374239897486897
12 0.6845471059286887
13 0.7289686274214116
14 0.7705132427757893
15 0.8090169943749473
16 0.8443279255020151
17 0.8763066800438636
18 0.9048270524660195
19 0.9297764858882515
20 0.9510565162951535
21 0.9685831611286312
22 0.9822872507286887
23 0.9921147013144779
24 0.9980267284282716
25 1
26 0.9980267284282716
27 0.9921147013144778
28 0.9822872507286887
29 0.9685831611286311
30 0.9510565162951535
31 0.9297764858882513
32 0.9048270524660195
33 0.8763066800438635
34 0.844327925502015
35 0.8090169943749475
36 0.7705132427757893
37 0.7289686274214116
38 0.6845471059286885
39 0.6374239897486895
40 0.5877852522924732
41 0.5358267949789967
42 0.4817536741017152
43 0.4257792915650725
44 0.3681245526846777
45 0.3090169943749471
46 0.2486898871648548
47 0.18738131458572455
48 0.1253332335643041
49 0.06279051952931314
50 -3.2162452993532747e-16
51 -0.06279051952931333
52 -0.1253332335643043
53 -0.18738131458572477
54 -0.24868988716485502
55 -0.30901699437494773
56 -0.36812455268467836
57 -0.4257792915650727
58 -0.4817536741017154
59 -0.5358267949789968
60 -0.5877852522924734
61 -0.63742398974869
62 -0.6845471059286887
63 -0.7289686274214116
64 -0.7705132427757893
65 -0.8090169943749473
66 -0.8443279255020153
67 -0.8763066800438636
68 -0.9048270524660198
69 -0.9297764858882515
70 -0.9510565162951535
71 -0.9685831611286312
72 -0.9822872507286887
73 -0.9921147013144779
74 -0.9980267284282716
75 -1
76 -0.9980267284282716
77 -0.9921147013144779
78 -0.9822872507286886
79 -0.9685831611286311
80 -0.9510565162951536
81 -0.9297764858882512
82 -0.9048270524660195
83 -0.8763066800438634
84 -0.8443279255020151
85 -0.8090169943749471
86 -0.770513242775789
87 -0.7289686274214116
88 -0.6845471059286883
89 -0.6374239897486896
90 -0.5877852522924726
91 -0.5358267949789963
92 -0.4817536741017153
93 -0.4257792915650722
94 -0.3681245526846778
95 -0.3090169943749468
96 -0.2486898871648545
97 -0.18738131458572468
98 -0.1253332335643038
99 -0.06279051952931326
100 6.432490598706549e-16
101 0.06279051952931365
102 0.12533323356430418
103 0.18738131458572507
104 0.2486898871648549
105 0.30901699437494806
106 0.36812455268467825
107 0.4257792915650726
108 0.4817536741017157
109 0.5358267949789967
110 0.5877852522924737
111 0.63742398974869
112 0.6845471059286893
113 0.7289686274214118
114 0.7705132427757893
115 0.8090169943749478
116 0.8443279255020152
117 0.8763066800438639
118 0.9048270524660197
119 0.9297764858882515
120 0.9510565162951538
121 0.9685831611286312
122 0.9822872507286888
123 0.9921147013144779
124 0.9980267284282716
125 1
126 0.9980267284282716
127 0.9921147013144778
128 0.9822872507286886
129 0.9685831611286311
130 0.9510565162951538
131 0.929776485888251
132 0.9048270524660191
133 0.8763066800438634
134 0.8443279255020151
135 0.8090169943749476
136 0.7705132427757886
137 0.728968627421411
138 0.6845471059286884
139 0.6374239897486896
140 0.5877852522924734
141 0.5358267949789957
142 0.4817536741017146
143 0.4257792915650723
144 0.368124552684678
145 0.3090169943749478
146 0.24868988716485377
147 0.18738131458572393
148 0.1253332335643039
149 0.06279051952931337
150 3.6739403974420544e-16
151 -0.06279051952931443
152 -0.12533323356430495
153 -0.18738131458572496
154 -0.24868988716485474
155 -0.30901699437494706
156 -0.3681245526846789
157 -0.42577929156507327
158 -0.4817536741017156
159 -0.5358267949789967
160 -0.5877852522924728
161 -0.6374239897486905
162 -0.6845471059286892
163 -0.7289686274214118
164 -0.7705132427757893
165 -0.8090169943749482
166 -0.8443279255020156
167 -0.8763066800438639
168 -0.9048270524660196
169 -0.9297764858882513
170 -0.951056516295154
171 -0.9685831611286314
172 -0.9822872507286888
173 -0.9921147013144779
174 -0.9980267284282716
175 -1
176 -0.9980267284282714
177 -0.9921147013144778
178 -0.9822872507286887
179 -0.9685831611286312
180 -0.9510565162951532
181 -0.929776485888251
182 -0.9048270524660192
183 -0.8763066800438635
184 -0.8443279255020152
185 -0.8090169943749467
186 -0.7705132427757886
187 -0.7289686274214111
188 -0.6845471059286885
189 -0.6374239897486897
190 -0.587785252292472
191 -0.5358267949789958
192 -0.4817536741017147
193 -0.42577929156507244
194 -0.3681245526846781
195 -0.3090169943749462
196 -0.24868988716485388
197 -0.18738131458572407
198 -0.12533323356430404
199 -0.0627905195293135
200 1.2864981197413099e-15
201 0.0627905195293143
202 0.1253332335643048
203 0.18738131458572482
204 0.24868988716485463
205 0.3090169943749486
206 0.3681245526846788
207 0.42577929156507316
208 0.4817536741017155
209 0.5358267949789965
210 0.5877852522924741
211 0.6374239897486904
212 0.6845471059286891
213 0.7289686274214118
214 0.7705132427757891
215 0.8090169943749481
216 0.8443279255020156
217 0.8763066800438638
218 0.9048270524660196
219 0.9297764858882513
220 0.951056516295154
221 0.9685831611286313
222 0.9822872507286888
223 0.9921147013144779
224 0.9980267284282717
225 1
226 0.9980267284282714
227 0.9921147013144778
228 0.9822872507286887
229 0.9685831611286307
230 0.9510565162951532
231 0.9297764858882511
232 0.9048270524660192
233 0.8763066800438635
234 0.8443279255020142
235 0.8090169943749468
236 0.7705132427757887
237 0.7289686274214111
238 0.6845471059286886
239 0.6374239897486885
240 0.5877852522924722
241 0.535826794978996
242 0.48175367410171493
243 0.42577929156507255
244 0.36812455268467653
245 0.3090169943749463
246 0.248689887164854
247 0.18738131458572418
248 0.12533323356430415
249 0.06279051952931186
250 -1.1640334398265747e-15
251 -0.06279051952931418
252 -0.1253332335643047
253 -0.1873813145857247
254 -0.24868988716485624
255 -0.3090169943749485
256 -0.3681245526846787
257 -0.42577929156507305
258 -0.4817536741017153
259 -0.5358267949789963
260 -0.5877852522924726
261 -0.6374239897486916
262 -0.6845471059286903
263 -0.7289686274214128
264 -0.7705132427757903
265 -0.8090169943749481
266 -0.8443279255020155
267 -0.8763066800438638
268 -0.9048270524660196
269 -0.9297764858882513
270 -0.9510565162951534
271 -0.9685831611286317
272 -0.982287250728689
273 -0.9921147013144781
274 -0.9980267284282717
275 -1
276 -0.9980267284282714
277 -0.9921147013144778
278 -0.9822872507286887
279 -0.9685831611286312
280 -0.9510565162951539
281 -0.9297764858882505
282 -0.9048270524660187
283 -0.8763066800438628
284 -0.8443279255020143
285 -0.8090169943749468
286 -0.7705132427757888
287 -0.7289686274214113
288 -0.6845471059286887
289 -0.63742398974869
290 -0.5877852522924737
291 -0.5358267949789945
292 -0.48175367410171344
293 -0.42577929156507105
294 -0.36812455268467664
295 -0.3090169943749464
296 -0.2486898871648541
297 -0.1873813145857243
298 -0.12533323356430426
299 -0.06279051952931375
300 -7.347880794884109e-16
301 0.06279051952931583
302 0.12533323356430634
303 0.18738131458572635
304 0.24868988716485615
305 0.3090169943749484
306 0.3681245526846786
307 0.42577929156507294
308 0.4817536741017152
309 0.5358267949789962
310 0.5877852522924725
311 0.6374239897486915
312 0.6845471059286902
313 0.7289686274214128
314 0.7705132427757901
315 0.809016994374948
316 0.8443279255020155
317 0.8763066800438637
318 0.9048270524660195
319 0.9297764858882512
320 0.9510565162951533
321 0.9685831611286317
322 0.982287250728689
323 0.9921147013144781
324 0.9980267284282717
325 1
326 0.9980267284282716
327 0.9921147013144778
328 0.9822872507286887
329 0.9685831611286312
330 0.9510565162951528
331 0.9297764858882505
332 0.9048270524660187
333 0.8763066800438628
334 0.8443279255020143
335 0.8090169943749469
336 0.7705132427757888
337 0.7289686274214113
338 0.6845471059286887
339 0.6374239897486901
340 0.5877852522924709
341 0.5358267949789947
342 0.48175367410171355
343 0.42577929156507116
344 0.36812455268467675
345 0.3090169943749465
346 0.2486898871648542
347 0.18738131458572443
348 0.1253332335643044
349 0.06279051952931387
350 -2.695460919397355e-15
351 -0.0627905195293157
352 -0.1253332335643062
353 -0.1873813145857262
354 -0.24868988716485604
355 -0.3090169943749483
356 -0.3681245526846785
357 -0.4257792915650728
358 -0.4817536741017151
359 -0.5358267949789961
360 -0.5877852522924752
361 -0.6374239897486915
362 -0.6845471059286901
363 -0.7289686274214127
364 -0.77051324277579
365 -0.809016994374948
366 -0.8443279255020154
367 -0.8763066800438637
368 -0.9048270524660194
369 -0.9297764858882511
370 -0.9510565162951544
371 -0.9685831611286317
372 -0.9822872507286889
373 -0.992114701314478
374 -0.9980267284282717
375 -1
376 -0.9980267284282716
377 -0.9921147013144778
378 -0.9822872507286888
379 -0.9685831611286313
380 -0.9510565162951528
381 -0.9297764858882506
382 -0.9048270524660188
383 -0.8763066800438629
384 -0.8443279255020144
385 -0.809016994374947
386 -0.7705132427757889
387 -0.7289686274214114
388 -0.6845471059286888
389 -0.6374239897486874
390 -0.587785252292471
391 -0.5358267949789948
392 -0.48175367410171366
393 -0.42577929156507127
394 -0.3681245526846769
395 -0.3090169943749467
396 -0.24868988716485438
397 -0.18738131458572455
398 -0.1253332335643045
399 -0.06279051952931046
